0 138 20 182 87 111 83 27 6 117 119 23 133 143 165 14 145 62 147 142 93 42 107 118 48 114 115 162 102 35 203 206 26 86 123 105 207 173 196 202 164 197 56 201 209 112 54 29 152 77 57 46 175 98 170 140 39 4 59 69 199 161 15 146 58 85 0 43 47 124 204 70 126 151 89 159 190 31 187 205 193 80 188 95 113 71 120 109 144 195 24 154 49 34 40 96 81 181 78 50 172 16 177 32 150 30 82 174 116 38 68 44 75 88 41 180 155 148 51 104 186 158 97 121 101 194 166 52 157 100 37 183 198 91 21 141 
11 83 38 75 96 78 199 202 20 29 150 152 209 198 205 193 58 8 206 166 52 101 194 105 186 98 210 90 59 77 157 24 100 81 46 111 118 88 93 34 31 154 91 164 112 55 207 181 6 97 187 73 177 182 190 69 171 144 103 149 173 143 180 23 140 4 168 89 146 28 170 165 183 40 54 80 147 50 117 116 148 200 204 99 142 41 158 32 196 203 51 208 162 39 57 95 30 172 87 151 94 62 43 0 123 121 189 133 197 174 124 161 47 26 82 22 56 35 72 114 175 113 130 109 49 104 201 86 188 15 
13 182 40 26 126 47 57 1 100 166 84 192 202 186 201 5 19 111 63 208 205 97 149 139 8 14 145 78 36 3 155 21 148 46 56 198 96 101 160 153 154 128 212 197 55 105 67 52 114 11 134 86 118 210 147 54 122 211 143 142 23 109 133 112 64 82 87 191 200 183 189 75 115 80 163 162 185 152 127 85 92 30 130 90 196 20 146 103 41 65 164 144 151 98 28 99 62 94 167 119 150 12 6 171 195 53 4 59 125 120 83 32 206 156 43 37 44 66 124 157 71 179 168 91 33 190 172 88 184 89 22 39 108 135 161 50 74 113 68 102 38 204 51 170 169 116 16 73 58 181 72 18 117 27 13 123 187 104 
19 127 174 167 151 109 142 183 1 128 6 173 28 103 132 31 3 197 57 196 72 179 25 63 169 152 204 161 182 18 193 105 108 44 211 30 27 208 17 9 190 40 126 203 56 29 8 99 15 94 138 43 212 158 67 77 114 116 159 23 153 202 125 102 168 146 50 170 104 130 80 82 131 111 7 150 156 115 120 20 209 187 144 124 171 13 198 2 199 81 22 95 91 185 110 90 162 19 11 206 33 145 47 107 166 65 201 100 0 46 84 16 148 175 32 149 163 58 68 97 205 74 194 112 143 154 79 73 181 61 24 96 52 36 70 41 155 66 88 101 69 34 5 39 55 186 122 176 4 192 195 48 157 10 180 12 117 83 165 200 21 139 93 121 136 184 
24 26 212 86 60 84 83 121 159 208 202 168 149 166 55 116 144 41 177 80 142 70 57 160 154 65 115 187 137 196 207 95 69 156 128 164 13 52 30 193 155 191 85 18 38 39 146 211 173 104 100 29 34 62 117 44 206 102 88 9 111 66 90 0 114 4 33 180 3 92 189 67 31 120 157 7 174 93 68 37 103 32 20 145 81 99 152 87 124 210 19 78 190 11 71 47 126 113 109 6 64 161 172 1 178 14 204 201 8 91 195 158 147 197 12 82 170 22 23 184 43 42 89 150 27 105 73 205 171 108 51 10 28 106 54 198 141 138 17 46 183 79 
26 160 53 38 145 159 116 94 58 196 157 199 30 168 76 90 124 100 4 153 93 200 146 8 179 103 202 185 183 74 32 23 60 123 134 22 119 49 111 112 39 201 28 175 62 98 166 75 171 45 96 156 151 1 184 19 163 212 71 186 95 190 40 128 147 177 102 14 79 142 24 204 198 88 136 99 55 72 42 158 149 115 205 33 141 162 150 165 36 133 154 29 129 85 35 109 169 44 37 84 68 207 126 16 50 161 81 192 206 121 31 26 48 173 15 105 82 92 43 56 164 176 21 7 83 172 101 122 2 209 188 97 91 187 167 25 57 51 127 130 193 6 86 104 69 46 120 107 27 140 47 208 155 135 5 20 108 137 182 144 194 
28 82 192 109 167 169 108 16 34 185 202 100 8 39 200 122 175 199 112 47 142 71 62 156 187 7 57 37 6 180 89 21 150 137 157 25 104 51 26 33 183 41 212 101 149 162 163 206 204 50 154 111 136 134 144 36 42 114 105 132 96 115 141 126 78 15 54 186 205 98 124 45 207 84 75 31 76 46 208 107 106 165 201 184 160 88 179 174 103 166 72 128 52 48 14 35 177 99 151 20 173 146 87 93 188 69 49 4 140 19 94 131 129 58 182 83 138 168 5 195 145 120 32 27 60 116 28 81 164 56 29 133 190 121 110 70 193 170 86 0 53 119 44 209 74 127 30 197 198 203 97 91 85 
30 86 8 163 109 115 151 71 19 60 121 118 128 211 106 24 88 2 168 204 91 47 189 145 154 56 126 166 98 125 105 104 192 207 31 84 78 100 169 54 59 66 134 4 51 53 183 150 162 103 81 42 122 13 11 113 152 10 196 27 67 138 209 194 50 205 64 52 85 6 153 0 164 117 185 119 38 44 92 208 48 22 9 95 40 17 157 195 75 12 80 111 87 124 23 15 18 39 74 28 206 156 120 73 46 96 167 70 142 30 7 68 32 65 139 41 179 77 182 188 26 61 112 55 197 89 36 181 123 170 62 1 3 172 82 94 116 187 14 148 199 212 200 25 135 49 72 149 203 191 143 101 190 127 43 102 147 21 198 158 160 33 
33 191 148 80 97 154 205 196 157 195 119 36 83 71 51 66 42 155 187 182 40 98 1 84 203 38 108 72 135 95 166 76 47 140 170 139 81 77 88 116 4 212 194 111 167 24 44 22 16 149 122 94 134 15 21 64 18 14 85 151 60 206 192 115 152 120 106 125 19 147 8 90 25 55 75 28 113 0 127 86 92 3 39 184 179 57 46 70 145 142 109 160 161 82 53 43 164 31 11 189 89 173 52 211 6 100 202 61 177 121 49 208 186 201 158 130 117 73 33 50 32 188 12 118 112 20 26 91 150 210 199 162 65 30 13 159 27 163 5 153 183 93 102 123 
34 164 95 5 114 131 184 171 48 152 32 136 128 130 202 6 28 210 132 156 2 85 24 41 80 97 188 149 194 112 173 46 191 196 109 118 96 198 106 138 20 86 167 151 141 21 107 122 120 150 29 172 115 16 7 72 71 27 116 155 56 126 176 129 169 110 203 119 3 79 170 205 70 89 55 163 69 44 62 201 154 207 52 93 161 30 43 189 159 111 15 140 77 78 212 31 144 37 73 92 197 117 104 1 193 19 98 123 53 25 186 182 45 42 190 160 165 68 145 113 181 124 76 26 34 168 81 175 84 139 14 209 206 74 199 180 127 147 153 103 82 125 135 101 75 146 50 121 183 87 33 158 142 192 4 133 91 36 
37 198 182 5 113 44 22 162 163 167 194 168 134 130 82 133 41 78 71 150 24 83 38 94 54 192 77 15 203 144 47 49 76 74 197 30 61 170 173 91 33 200 18 3 209 138 100 120 117 86 16 158 187 169 143 111 181 109 52 105 75 166 123 108 185 88 59 145 147 57 92 112 6 207 157 65 196 146 104 51 62 36 156 99 204 1 55 31 152 81 119 42 183 14 184 127 89 25 67 2 191 114 56 20 116 121 195 164 95 72 151 159 66 210 73 186 53 190 85 70 140 189 11 205 21 212 124 122 19 17 202 9 199 188 13 28 142 179 10 23 102 211 101 27 90 63 153 46 149 148 206 93 39 
38 172 150 0 75 48 14 171 65 156 170 94 102 19 109 104 160 123 92 134 189 89 81 143 106 4 196 121 72 154 96 11 195 18 88 61 93 97 47 179 68 57 16 139 164 203 73 46 146 56 54 17 87 133 140 185 204 115 85 192 190 198 59 116 7 15 144 159 39 99 70 162 58 22 25 80 8 148 188 40 108 52 55 86 183 194 151 41 182 60 155 98 30 202 158 118 153 12 209 74 142 31 34 103 82 43 125 206 10 187 191 67 138 50 199 20 157 28 135 169 53 6 114 205 105 32 51 42 119 112 161 126 128 3 212 168 62 71 149 145 181 27 83 152 13 124 84 38 63 200 78 
42 173 40 10 172 72 44 117 148 106 203 146 170 181 150 55 58 133 22 111 14 168 71 155 17 152 43 28 120 88 208 149 80 94 93 75 186 142 119 156 124 12 81 34 158 114 98 65 47 99 194 210 130 100 190 24 200 74 165 4 37 50 15 95 205 61 169 138 57 56 192 51 116 104 118 73 82 189 101 151 198 87 16 112 209 67 31 39 147 70 89 9 171 25 177 187 161 0 143 141 162 96 11 107 83 201 77 21 85 18 26 78 180 86 195 109 126 164 182 27 174 8 30 105 144 54 199 69 66 42 90 202 20 48 166 183 
43 194 26 204 188 58 131 157 70 22 63 183 16 32 159 114 126 139 9 187 190 121 199 38 100 201 140 105 208 172 45 141 165 90 212 54 153 128 57 101 1 99 120 48 176 163 104 60 33 91 164 40 12 86 65 119 124 171 129 136 75 21 96 156 123 88 151 93 51 71 127 11 162 68 160 72 209 81 15 47 79 80 197 37 113 106 27 125 107 74 144 179 198 191 109 149 78 25 30 64 76 133 184 145 122 52 130 50 55 29 211 174 7 196 31 42 61 41 28 34 169 85 132 186 146 102 158 89 36 83 192 202 92 19 175 135 182 39 8 69 43 147 173 18 14 5 97 24 112 161 115 138 143 108 46 134 193 98 23 177 
44 73 117 110 167 24 88 98 93 207 97 195 141 135 49 22 84 126 55 198 27 143 38 75 68 134 89 123 57 173 11 91 145 119 61 72 183 161 32 132 16 46 48 37 204 178 212 202 111 174 154 14 175 164 169 199 1 108 94 210 43 186 146 82 71 131 12 19 192 42 158 211 191 155 101 63 28 125 6 29 21 185 33 165 179 90 200 177 13 99 189 51 10 116 190 105 2 128 81 77 15 171 44 92 150 56 130 201 209 9 4 193 69 196 50 163 95 34 203 106 96 47 140 129 152 133 52 20 76 45 137 182 197 70 168 139 166 17 66 184 60 205 153 53 18 35 170 103 149 109 79 180 208 74 162 67 194 127 107 176 8 188 115 113 39 104 181 142 172 3 
45 52 175 128 156 191 169 186 187 197 19 167 157 146 22 51 8 130 21 182 137 145 15 165 91 92 115 37 122 107 47 14 140 211 2 24 89 28 93 81 60 177 31 26 5 188 190 53 125 69 196 204 198 161 180 1 141 54 79 23 49 205 44 139 184 134 40 88 78 212 208 16 199 147 131 90 6 103 106 82 174 120 142 7 113 123 70 162 160 155 127 71 114 98 136 124 112 206 135 32 202 97 43 41 80 149 48 110 74 56 163 45 105 84 87 72 96 116 203 179 25 42 76 30 35 75 209 4 150 27 168 172 176 100 55 38 83 158 119 154 192 62 46 86 85 68 0 201 34 58 171 173 183 181 144 39 159 170 
46 170 29 40 195 138 204 95 117 208 119 69 94 70 31 26 77 91 151 30 179 114 34 41 200 199 176 123 177 76 130 85 89 65 46 32 56 106 190 96 97 9 6 134 156 33 35 5 152 147 87 103 128 124 84 116 78 74 143 180 115 107 67 17 205 86 48 203 88 52 21 201 202 160 172 44 62 181 15 173 155 100 132 42 140 12 66 150 125 50 207 63 133 145 113 127 104 38 185 209 82 8 141 158 53 186 211 121 80 112 73 194 162 10 175 7 18 171 64 105 24 168 43 161 20 183 54 19 198 0 101 81 146 83 212 49 197 47 25 22 58 
47 43 54 138 201 32 157 180 35 60 78 98 199 81 86 105 8 195 49 21 4 131 185 47 124 45 69 76 24 141 172 87 168 133 147 170 205 108 92 88 184 14 173 16 36 183 96 142 156 2 207 89 70 113 190 130 80 26 211 30 29 194 50 145 181 15 174 187 158 204 192 41 140 175 20 23 200 144 94 171 79 123 0 176 101 112 110 93 128 75 198 209 99 188 132 129 95 74 38 177 28 139 146 27 163 34 84 56 104 97 134 126 167 90 19 53 193 186 107 121 169 109 179 102 25 155 83 160 206 103 159 33 42 164 100 71 115 127 166 40 1 85 58 196 149 191 106 46 52 57 
48 210 37 41 85 74 164 103 71 202 123 4 95 1 22 135 57 35 209 52 161 17 14 115 111 55 27 23 143 159 173 200 141 206 138 45 194 26 205 78 88 53 199 108 63 207 134 64 142 90 165 76 73 34 147 21 193 36 148 183 137 91 29 77 8 56 70 6 67 40 181 12 66 38 49 146 128 110 92 153 112 124 9 175 102 145 43 39 87 150 98 196 89 0 13 211 158 197 46 208 167 109 11 118 50 119 154 60 156 129 204 5 166 58 3 101 7 44 51 47 83 69 106 174 169 24 172 105 126 65 117 170 177 79 168 160 184 61 122 187 149 131 10 84 195 179 28 
49 167 105 43 32 130 3 147 210 124 8 31 186 67 184 195 112 39 170 188 191 47 177 198 157 160 106 181 155 64 168 41 99 50 20 5 111 201 72 104 22 172 113 208 200 27 140 9 75 6 24 87 51 139 100 149 53 70 153 115 123 127 101 55 17 76 114 15 83 194 38 169 119 144 91 52 152 161 63 97 11 16 128 92 162 118 183 179 143 159 125 77 204 81 44 93 151 166 156 206 49 57 34 0 116 88 205 56 126 60 28 36 202 164 90 58 146 122 89 37 199 19 2 103 158 21 163 197 96 189 120 207 134 171 135 133 150 142 78 148 30 73 42 14 190 65 80 1 82 13 154 211 
50 76 154 73 159 170 173 153 25 41 1 196 168 160 38 206 203 123 118 5 65 15 208 128 157 204 39 18 56 43 69 145 183 207 24 129 78 8 20 12 210 52 171 112 44 113 141 200 27 37 74 102 79 193 172 89 29 116 49 88 169 199 164 17 122 137 138 202 84 57 111 45 10 9 100 120 30 205 181 21 13 61 156 103 158 186 71 124 146 26 174 136 86 109 119 148 66 42 126 16 3 195 93 110 134 101 177 40 28 98 132 53 143 85 105 179 4 46 11 131 197 51 212 115 165 149 106 67 34 139 50 36 184 127 167 194 92 95 91 
51 33 26 81 163 146 193 105 104 194 43 160 8 203 42 1 38 138 110 25 173 156 114 145 50 70 89 159 58 75 123 72 94 129 190 37 99 209 28 137 182 113 211 165 100 164 23 196 185 27 181 98 139 167 46 186 111 149 144 80 41 86 176 187 106 192 49 31 119 155 101 4 191 20 96 40 157 97 115 162 198 85 122 205 170 133 142 195 136 0 7 62 116 204 174 2 188 201 36 90 39 45 134 199 79 197 6 48 83 107 55 95 103 32 151 15 150 200 108 5 35 141 169 153 44 158 30 82 16 19 88 207 21 52 78 14 93 131 87 126 91 57 202 74 140 166 171 121 69 208 54 53 154 109 56 
55 193 34 25 112 121 184 21 104 144 70 130 115 197 127 171 43 151 58 175 208 161 173 195 30 69 49 156 22 202 212 169 83 7 24 106 91 102 154 113 47 75 141 198 179 19 60 84 52 204 182 172 183 128 88 94 147 190 211 146 200 57 80 38 33 124 155 82 62 39 176 6 76 158 119 5 41 181 86 139 20 116 48 133 162 120 56 134 103 31 78 26 14 50 4 107 85 68 109 0 201 40 44 177 16 203 23 29 192 132 159 42 199 140 105 149 153 185 81 15 32 99 170 160 96 174 123 8 89 95 194 
60 29 15 56 166 43 115 71 181 90 172 196 31 61 26 54 141 152 162 192 103 102 5 116 20 147 202 109 119 16 41 168 126 182 57 64 117 77 169 82 104 108 204 32 138 194 136 18 206 167 48 164 200 37 170 52 98 88 179 101 199 156 1 180 67 120 87 0 205 24 146 184 160 9 30 8 94 84 89 14 47 66 25 157 100 188 97 151 46 49 38 23 6 177 53 44 186 210 154 99 212 107 139 78 153 128 106 133 12 28 62 175 83 113 17 122 211 190 130 105 92 132 183 10 174 13 22 73 111 131 33 70 11 145 42 171 35 134 198 121 142 7 51 69 197 85 93 
61 151 177 169 78 7 164 115 66 212 72 29 84 184 48 87 145 185 179 201 119 6 154 146 43 55 49 34 38 117 158 20 148 109 64 187 97 30 95 0 156 186 190 85 188 44 99 54 166 35 96 199 39 74 202 143 204 41 83 120 37 174 67 28 124 73 26 11 105 203 21 10 31 103 160 133 180 17 88 123 104 111 189 33 206 62 195 207 77 12 182 3 13 200 181 27 149 150 24 152 98 140 53 142 15 68 113 70 168 155 50 114 52 194 22 147 161 32 47 118 159 170 210 162 106 209 16 69 173 65 107 211 144 9 101 25 63 1 57 23 
64 62 105 66 57 104 175 159 193 131 102 83 109 195 167 183 30 33 43 13 143 201 56 100 156 12 198 101 191 119 164 128 8 24 163 98 202 120 187 138 9 149 58 99 72 157 106 74 161 130 52 116 0 4 188 90 76 192 65 172 64 204 89 196 205 136 45 18 162 122 170 132 1 7 158 127 79 47 145 108 112 42 17 27 124 50 186 31 142 121 34 168 179 85 26 35 110 87 94 211 212 140 78 25 75 139 11 37 154 46 70 10 96 51 28 185 81 160 20 181 86 111 209 194 208 177 199 171 207 16 38 15 190 29 165 182 184 150 82 14 53 63 126 203 97 141 123 80 173 155 134 174 23 48 93 19 44 2 166 180 22 125 
65 143 30 181 6 20 28 136 162 33 191 149 39 88 19 198 90 193 23 165 93 123 184 207 180 150 74 95 190 40 50 54 84 133 209 103 42 41 2 128 61 60 147 16 188 76 99 36 139 4 14 151 178 186 167 182 18 87 82 53 158 12 13 7 119 211 130 92 37 102 155 168 31 153 62 77 97 117 122 58 55 169 129 63 154 79 89 161 91 66 32 101 22 17 160 29 15 205 73 164 98 48 56 138 113 3 132 170 0 25 145 208 135 71 146 64 72 192 35 83 195 46 125 189 114 34 199 10 187 159 1 106 163 75 152 120 85 157 200 115 142 100 80 141 21 212 171 172 70 201 144 196 112 124 105 96 52 179 94 121 24 57 107 110 78 81 204 183 44 11 202 
66 85 155 163 20 133 68 42 108 1 33 18 11 15 100 126 187 123 17 65 180 151 30 39 116 109 67 195 103 46 115 77 64 132 127 105 177 201 95 153 154 196 141 71 148 21 22 66 44 86 149 78 146 207 54 125 206 208 186 14 172 138 87 13 9 70 82 112 29 51 192 197 101 183 157 209 179 5 174 190 63 27 159 53 91 121 47 106 76 6 90 60 181 144 4 156 24 49 56 211 111 37 202 113 58 142 31 118 160 98 129 203 193 147 158 52 0 164 161 119 210 89 93 12 205 120 145 57 139 150 130 41 169 55 194 114 200 74 175 88 134 75 61 152 26 84 10 182 69 35 19 
72 172 117 43 212 91 20 37 210 211 11 197 146 111 131 167 44 23 202 51 50 150 160 155 88 75 112 184 106 82 14 165 152 2 93 58 147 128 61 9 4 196 95 209 142 89 102 18 85 140 70 133 187 163 64 124 105 54 15 25 34 154 99 137 76 204 203 83 120 65 81 183 94 132 26 207 49 121 90 125 157 199 71 68 208 195 136 92 87 148 113 162 47 181 109 42 66 0 1 149 21 191 134 194 206 13 126 177 114 143 77 97 180 30 28 7 145 46 159 193 101 10 57 16 161 158 52 185 41 129 201 67 176 19 40 56 174 69 72 100 182 205 168 200 80 29 3 39 104 53 8 144 127 169 24 175 96 130 116 192 170 74 122 156 73 84 103 33 48 110 186 139 22 179 153 12 123 78 32 6 
73 121 108 73 71 179 190 74 57 31 183 38 90 69 10 145 26 78 201 56 103 207 87 138 16 76 129 124 51 22 61 9 160 200 153 30 98 6 134 175 15 154 130 171 1 25 119 91 199 11 93 144 212 210 20 34 172 166 143 170 77 84 43 112 0 161 63 187 116 164 156 95 4 35 196 13 55 127 86 88 24 152 174 147 208 168 37 42 128 184 182 120 209 126 100 140 68 141 163 41 53 64 115 54 33 117 47 49 148 82 173 157 193 142 106 89 205 133 150 105 46 203 118 186 40 211 67 107 146 14 192 162 66 169 113 60 151 155 18 132 125 50 197 139 12 19 
74 30 38 7 41 19 46 17 134 128 199 152 156 209 177 91 210 88 175 5 77 27 40 15 204 121 139 12 194 147 57 111 68 203 196 205 70 149 39 100 162 64 206 130 16 120 112 37 150 26 153 123 148 104 1 212 34 85 47 163 13 129 82 193 142 146 125 44 20 151 160 103 179 169 144 51 200 184 63 126 76 56 84 55 101 140 18 124 211 168 74 208 49 155 53 113 58 22 31 11 181 164 182 89 90 170 157 190 132 42 109 71 154 107 0 54 23 29 105 192 24 186 207 6 4 66 115 78 159 65 52 119 43 75 141 195 
76 192 168 140 150 177 124 18 102 77 78 197 139 122 171 13 188 75 26 73 15 205 156 133 118 145 135 189 42 211 119 74 109 47 81 16 97 130 103 59 149 164 33 94 99 24 120 108 32 92 105 121 4 170 5 6 208 51 195 159 115 117 52 152 2 63 198 49 98 85 203 88 28 157 116 125 113 158 123 209 14 127 10 114 183 200 17 12 155 199 67 190 39 8 187 83 204 202 162 142 3 93 56 191 21 96 151 57 134 126 154 87 36 207 144 206 181 153 48 22 68 146 65 44 60 27 37 95 82 43 169 50 210 86 0 128 19 101 106 138 111 64 34 90 7 46 25 167 196 
77 105 71 122 34 195 28 37 86 54 207 116 50 109 44 25 76 141 170 168 62 184 88 2 98 70 81 80 22 126 199 171 174 201 202 157 197 140 30 42 26 74 20 99 85 179 173 177 43 194 84 144 166 167 104 46 181 94 35 127 146 31 45 27 29 8 19 172 58 193 160 51 110 121 134 78 41 91 90 96 156 123 21 57 162 196 49 95 124 149 128 186 119 16 113 60 101 97 36 209 161 47 125 14 120 159 176 48 102 206 164 5 190 147 211 185 130 39 87 114 153 111 133 151 0 112 55 135 180 132 192 1 204 23 169 205 131 6 187 79 138 4 107 191 33 137 82 136 188 56 52 53 150 198 
83 97 96 151 104 89 49 6 23 82 198 47 199 114 168 31 103 140 150 186 73 58 107 17 171 26 132 65 147 28 38 91 211 19 159 193 207 192 44 121 21 115 112 139 173 32 86 18 129 14 53 95 33 180 85 60 68 177 100 46 181 27 94 174 67 40 170 161 124 101 20 203 64 10 78 75 204 134 56 77 57 50 0 109 156 83 126 117 143 152 34 29 155 22 149 142 201 81 80 15 11 62 69 99 202 169 12 182 179 63 184 158 141 154 190 4 185 172 125 133 43 39 176 74 212 187 13 61 128 9 25 102 209 116 194 
84 78 168 19 34 212 28 32 108 111 164 129 121 90 81 181 70 27 155 180 158 137 196 58 104 102 68 50 53 139 182 71 94 93 120 103 60 116 46 144 113 163 169 128 75 199 79 38 126 29 188 124 56 153 127 133 149 123 166 194 197 22 72 15 57 156 150 134 88 20 198 35 4 165 26 96 69 95 114 52 14 209 179 6 24 7 80 83 205 202 161 105 47 154 33 110 183 49 132 187 141 84 192 177 115 136 54 51 100 190 204 160 157 43 109 135 76 45 30 167 200 87 172 0 82 91 85 159 25 55 119 130 201 147 146 16 39 185 191 145 203 107 207 44 97 193 122 37 184 62 92 138 21 142 42 89 195 
86 84 170 107 195 89 123 197 190 53 140 209 10 201 58 56 109 171 59 188 152 67 194 182 27 153 154 144 174 102 133 25 21 172 85 99 126 186 130 4 159 55 41 177 164 22 33 192 101 106 157 73 181 128 34 175 17 193 203 86 103 199 206 30 68 156 18 150 78 92 204 7 136 74 11 66 148 50 31 65 23 88 117 100 121 94 166 158 60 46 16 13 93 12 145 0 147 187 134 97 35 142 63 200 40 72 183 80 208 111 185 3 105 108 47 207 26 90 129 141 70 82 155 8 151 118 69 113 9 37 211 43 120 81 95 28 71 104 48 91 96 44 87 52 1 124 179 42 143 54 29 14 138 49 202 115 
87 25 73 203 193 166 27 199 31 15 162 61 8 26 85 102 18 139 177 7 204 94 158 56 97 19 119 10 174 78 130 23 53 164 197 176 205 175 120 115 195 60 134 173 147 201 55 5 103 138 63 76 1 46 33 153 89 112 149 22 24 0 81 13 99 181 212 82 182 209 83 114 186 156 210 157 90 165 105 144 37 88 117 200 52 190 49 133 74 20 75 154 202 87 86 113 170 16 68 116 211 91 17 95 80 118 71 35 50 43 184 104 172 34 70 140 38 169 141 9 206 151 101 84 143 4 51 29 167 150 121 93 11 161 28 96 98 44 183 159 111 198 72 64 196 32 155 171 152 123 39 57 41 192 
91 173 101 166 60 78 158 141 139 159 36 61 113 105 153 157 1 10 79 11 175 168 108 88 33 197 64 115 8 130 162 74 73 138 69 32 151 31 149 202 29 6 211 42 76 77 210 170 205 2 204 7 97 146 140 122 9 112 136 20 203 83 44 184 56 62 71 143 137 18 127 100 206 4 187 106 15 152 28 107 84 24 156 126 21 196 43 128 132 58 92 186 192 208 13 145 68 37 50 198 23 124 190 172 27 0 182 49 63 94 90 199 129 119 131 195 177 201 87 93 169 171 117 39 142 86 34 104 52 193 134 160 207 48 53 70 25 98 55 133 114 65 183 95 75 38 180 188 179 111 41 144 163 82 103 14 
95 201 139 204 148 135 71 196 192 54 41 125 122 114 17 169 8 66 211 179 34 93 86 103 121 119 123 126 190 203 22 84 124 67 130 184 14 2 108 33 19 155 24 205 101 6 142 105 44 52 199 87 209 57 51 89 13 30 177 96 134 98 158 191 120 59 64 163 195 18 109 147 183 7 197 187 186 166 189 106 198 170 207 78 140 36 55 23 5 26 188 133 206 181 202 154 63 65 118 150 42 151 4 172 200 74 146 32 0 144 100 194 171 77 102 112 61 27 182 117 95 40 156 58 111 185 21 88 138 161 92 28 72 116 20 3 83 50 128 56 149 62 47 113 153 168 173 
98 11 74 40 130 212 109 88 134 19 106 14 205 4 43 15 107 52 147 121 124 70 13 100 71 141 67 114 98 150 93 113 148 54 111 195 17 127 166 162 209 155 171 163 85 7 21 129 76 18 37 202 181 159 116 34 119 194 192 10 170 179 177 8 103 69 154 46 142 41 0 51 152 68 6 164 186 173 168 144 120 183 169 66 145 199 95 204 123 90 158 47 61 89 75 128 26 29 172 27 206 55 42 49 117 175 112 44 84 156 1 77 211 104 65 31 182 139 16 86 58 63 23 133 35 201 9 193 87 153 174 33 53 149 118 73 39 82 132 146 190 64 203 140 60 57 20 
99 63 29 121 78 199 99 193 174 129 90 39 182 128 3 130 94 35 111 70 119 86 60 209 76 58 1 192 141 37 56 40 113 82 38 204 114 0 55 8 196 208 117 112 212 97 61 186 74 155 16 201 28 68 85 159 140 31 152 62 179 207 93 205 133 172 64 165 145 91 157 32 134 147 173 26 162 87 66 150 51 98 15 96 126 175 71 197 41 46 72 49 143 57 106 187 188 153 69 200 53 160 65 146 
100 94 150 62 173 11 191 192 138 2 211 209 161 5 103 50 160 49 162 57 46 164 190 92 84 202 189 77 64 101 111 182 171 148 51 65 163 134 124 203 167 205 68 114 4 183 96 91 63 86 99 85 113 144 169 56 195 133 210 121 72 10 181 80 36 67 212 7 154 153 145 26 204 6 97 3 74 89 155 22 0 142 34 197 106 21 122 27 130 38 159 54 139 23 32 44 1 9 24 198 104 177 52 88 125 41 66 172 158 48 31 17 14 20 53 116 75 199 156 81 123 188 128 28 15 147 78 37 60 196 73 117 166 12 40 207 59 120 90 8 143 18 115 140 109 126 98 194 25 118 201 
102 57 165 97 1 209 14 50 141 187 207 177 13 102 84 28 179 77 0 65 64 206 193 196 120 35 91 27 174 71 90 31 195 118 3 139 151 156 203 154 205 85 199 94 48 185 88 78 126 23 100 70 37 190 200 152 164 99 175 117 29 15 58 145 73 82 66 210 140 119 160 8 24 93 202 25 155 101 87 63 7 183 34 74 211 32 116 41 42 95 49 33 75 144 109 47 51 53 201 161 54 171 138 159 76 55 20 158 62 172 169 181 173 149 133 68 43 153 22 150 198 67 21 204 112 166 83 103 114 188 134 86 69 130 189 89 11 115 6 10 162 104 60 18 19 17 
104 165 111 187 199 196 104 177 121 186 21 90 74 16 48 20 75 46 39 73 63 37 201 208 10 97 65 150 190 146 197 154 159 18 11 51 152 188 193 198 89 112 43 13 101 207 23 70 147 94 87 95 35 107 83 8 67 47 171 181 28 156 88 192 142 168 99 155 17 173 140 71 151 202 126 166 203 27 130 57 100 162 149 25 31 118 106 210 115 143 29 64 102 120 183 119 209 138 91 105 206 116 141 40 174 182 93 72 82 200 96 169 157 161 109 22 158 205 66 172 113 117 44 50 55 77 69 14 133 61 103 
106 55 189 106 205 121 168 190 212 58 6 99 93 136 100 39 23 12 54 118 173 10 162 32 63 105 161 138 74 91 46 37 53 154 28 166 14 155 84 139 117 13 69 122 141 96 102 159 128 29 130 150 107 160 38 61 196 52 82 124 116 177 164 30 127 201 9 40 175 109 169 75 5 193 81 15 135 183 206 198 104 120 42 180 211 67 149 89 18 94 140 22 24 83 186 111 208 62 98 20 56 45 114 156 181 103 151 2 17 95 64 71 179 203 115 158 113 66 76 65 184 4 188 204 209 1 126 79 142 68 77 21 170 197 
110 147 73 136 39 177 52 174 200 81 193 117 186 182 116 151 83 143 96 138 196 203 121 77 70 15 145 104 14 210 150 106 170 45 133 192 199 57 0 164 91 198 93 132 201 51 156 191 40 24 146 107 124 100 113 112 90 126 35 56 86 155 37 209 29 102 43 20 202 141 159 58 194 54 79 101 78 30 109 4 108 149 115 130 27 197 23 34 187 25 184 158 139 50 105 142 85 71 189 190 208 128 129 135 161 152 119 140 157 183 69 22 42 206 47 204 103 111 180 75 62 88 118 98 32 205 134 120 114 74 165 207 166 68 21 2 94 44 99 
111 209 75 19 116 46 83 10 68 170 128 32 142 106 151 56 112 85 6 61 138 182 104 84 14 145 187 193 99 1 8 114 205 156 39 13 169 197 38 133 176 180 25 86 199 102 60 162 22 171 201 35 203 17 74 31 16 140 82 29 179 126 103 124 91 173 146 44 11 184 152 130 194 78 21 67 47 123 30 186 76 115 0 95 143 105 144 81 195 181 139 109 204 9 12 150 28 66 89 125 58 34 52 149 42 5 212 127 33 20 192 141 54 132 73 24 198 15 49 211 154 64 77 117 97 87 153 158 43 18 121 190 48 80 134 23 70 207 65 168 
112 5 52 42 190 184 140 7 198 95 19 157 116 2 85 41 100 8 154 142 77 22 195 117 149 199 25 53 76 105 28 187 57 204 152 34 6 40 99 111 31 50 148 113 94 175 33 126 1 208 133 172 69 21 186 80 101 46 192 68 150 132 135 212 161 20 14 16 115 139 162 181 70 79 62 87 206 73 36 60 98 51 124 164 56 90 185 96 58 177 170 176 93 166 210 38 97 136 127 167 171 188 169 110 103 207 55 102 153 84 48 45 141 128 26 131 209 106 121 137 83 146 107 147 191 182 88 44 183 109 174 82 120 211 196 200 37 193 39 197 86 159 173 72 49 75 35 15 125 201 179 138 155 
116 150 25 181 62 61 28 44 40 65 71 197 8 9 123 51 95 155 166 151 80 192 159 195 59 169 207 23 1 39 177 120 173 171 21 205 64 93 130 99 84 147 90 67 92 12 116 106 82 186 142 190 32 88 121 170 6 30 86 139 70 96 158 182 7 18 161 134 109 76 102 83 0 100 87 138 154 162 17 10 185 145 13 85 54 167 46 81 4 183 191 148 189 119 73 103 15 122 201 72 36 94 156 157 2 202 68 152 200 208 203 196 199 57 11 78 14 164 60 52 125 75 140 210 63 172 74 97 153 27 198 3 48 53 114 209 66 108 77 105 56 38 20 58 
117 84 81 80 190 123 87 40 183 95 14 24 134 10 140 179 124 118 37 172 38 0 104 197 119 202 18 187 16 46 42 31 96 27 3 98 109 54 209 204 167 125 51 162 154 58 92 67 59 26 157 146 159 48 78 33 113 101 135 112 182 82 208 192 111 194 191 91 150 188 198 44 143 94 5 57 28 149 127 121 68 83 8 139 152 100 205 145 99 86 97 65 72 12 126 196 122 169 6 203 210 142 7 181 201 75 60 133 106 71 66 160 189 49 207 151 155 184 173 108 62 47 148 53 13 116 89 21 25 90 64 32 102 158 36 93 105 186 9 161 171 153 4 1 164 195 52 200 138 147 199 185 15 177 61 120 85 17 
118 113 19 205 51 192 146 2 189 8 9 204 116 114 44 11 183 166 105 55 21 153 43 186 22 158 118 147 99 50 63 140 121 172 81 87 144 134 1 70 34 102 133 68 120 125 36 91 151 5 195 0 177 152 7 49 24 54 119 154 15 209 59 60 33 171 71 161 203 56 85 104 142 4 185 27 83 39 101 122 18 96 200 42 97 82 128 167 95 188 58 126 160 40 184 155 179 64 196 163 74 23 201 72 117 32 92 212 168 211 57 20 73 124 181 127 88 94 48 145 164 187 76 170 3 194 208 93 108 138 198 149 26 182 13 109 191 112 31 10 199 169 65 28 66 67 12 202 100 207 
123 192 209 152 89 57 32 90 39 6 67 7 184 49 120 150 16 198 82 115 24 78 173 122 53 140 149 196 93 116 157 188 94 172 4 38 1 96 25 143 64 80 3 199 65 171 203 98 76 86 52 161 97 88 15 36 126 87 12 92 28 164 17 160 99 130 50 51 103 168 106 71 155 207 183 163 187 108 60 117 112 54 204 91 158 43 127 195 119 125 156 159 58 111 30 189 147 37 77 123 208 83 148 62 179 0 11 167 31 44 166 118 72 134 74 145 41 133 42 40 56 102 169 185 66 75 210 104 70 105 8 177 59 55 194 142 205 18 170 135 202 68 197 146 109 191 85 113 154 33 100 5 27 
124 122 59 115 19 24 70 196 167 133 55 104 103 211 14 173 123 60 43 187 202 86 150 6 190 73 118 114 121 90 117 3 57 143 31 197 208 20 42 61 134 12 152 128 80 100 95 39 201 108 27 188 191 25 4 101 23 71 199 74 18 75 8 162 147 21 40 46 149 5 37 58 120 159 84 32 83 64 189 170 17 65 124 33 88 192 166 85 98 184 148 91 63 126 13 97 26 109 144 205 154 47 140 102 53 1 177 168 44 50 203 76 92 68 112 138 62 15 195 105 142 10 2 204 116 77 198 48 172 160 16 139 157 119 146 66 36 206 155 179 186 72 87 7 0 145 200 52 169 89 182 210 56 113 127 54 111 
127 90 82 139 22 182 203 6 75 162 204 172 26 113 154 165 118 54 173 87 100 21 108 41 35 185 27 112 183 152 74 85 189 202 134 80 83 156 144 130 157 151 39 181 187 96 193 23 93 45 191 195 101 104 169 47 99 109 170 46 73 107 103 52 98 190 55 153 141 161 158 77 14 166 133 194 138 168 142 209 122 143 43 28 132 16 115 184 56 34 37 149 86 51 124 129 88 70 198 0 111 135 2 25 81 201 105 175 192 58 128 117 126 159 38 71 62 140 20 196 50 200 150 4 29 197 15 
128 80 153 168 202 4 209 52 0 206 103 146 162 47 1 42 117 31 170 93 33 69 177 140 9 199 136 139 39 90 142 75 161 55 185 155 35 84 173 100 175 197 108 179 204 130 48 25 157 200 105 106 191 26 19 88 122 143 113 95 41 125 194 156 192 77 10 62 24 54 196 133 63 40 7 189 163 104 141 154 116 132 127 89 110 137 60 186 17 56 38 23 131 82 15 167 169 96 205 174 14 44 73 211 36 144 78 49 8 18 149 101 5 126 198 51 57 46 112 74 2 3 151 158 6 184 123 193 29 53 128 61 147 120 134 45 20 111 65 114 159 37 92 70 91 138 180 212 181 30 208 188 182 21 97 28 71 13 166 109 87 99 164 187 124 178 150 203 58 72 119 
130 18 6 195 50 34 148 53 153 112 130 211 113 186 185 197 202 167 4 208 181 118 149 65 27 46 38 98 30 93 90 111 63 210 28 142 39 99 159 150 40 51 74 89 145 31 41 81 106 134 8 12 168 194 135 21 116 200 78 88 47 70 114 96 52 83 139 119 154 64 100 48 109 56 36 212 3 68 157 102 87 104 173 199 66 0 138 24 72 71 73 206 55 60 127 144 82 184 169 49 162 10 54 120 128 146 172 161 95 33 191 16 121 84 192 151 133 2 170 166 97 156 126 103 187 77 108 143 209 123 183 179 86 147 124 61 23 17 190 140 13 62 25 201 171 117 164 122 7 160 1 182 205 92 19 
131 94 199 19 37 127 209 211 12 101 86 168 5 71 67 118 108 116 7 21 148 150 84 99 39 47 6 139 36 203 172 65 4 83 103 111 102 182 52 145 96 194 0 2 64 59 27 23 166 114 122 18 210 66 60 183 171 123 20 91 120 63 117 164 44 51 156 54 186 147 1 200 95 207 161 158 170 179 177 62 46 50 43 34 28 82 196 133 24 106 201 57 56 81 61 205 40 130 31 75 105 143 98 187 167 188 22 90 77 78 192 113 10 195 8 112 181 206 128 88 197 138 184 55 68 13 152 42 104 121 142 100 159 32 163 169 124 154 33 74 134 191 85 144 93 208 189 3 146 115 11 92 80 198 126 190 157 16 149 87 212 76 25 
132 153 182 204 124 140 146 155 84 120 208 40 152 9 101 36 13 50 150 91 178 76 145 44 188 207 136 103 7 60 29 201 130 90 20 202 166 0 26 147 87 172 86 54 35 190 189 6 170 133 43 68 39 212 58 19 74 187 121 123 115 31 117 181 73 211 11 24 209 196 183 79 82 175 177 78 132 57 151 206 192 131 62 81 95 157 45 135 176 134 88 184 8 112 195 198 97 21 203 100 137 154 64 126 75 171 109 1 41 107 210 141 129 28 163 14 32 165 71 66 69 200 167 185 80 161 138 142 199 197 114 113 96 149 139 168 85 77 47 180 186 108 110 2 48 34 106 72 102 118 92 17 67 143 93 156 160 27 205 63 89 83 94 42 
134 67 185 168 123 162 40 99 37 146 205 191 177 173 15 98 104 148 46 106 161 0 190 145 24 124 118 144 114 3 55 152 34 41 179 19 85 10 211 92 153 53 206 126 204 74 116 8 156 80 196 210 22 47 182 94 127 82 26 30 21 172 76 208 143 171 54 75 194 70 57 14 23 167 72 184 31 117 181 203 103 200 138 73 125 49 96 88 44 212 170 17 157 166 90 62 164 87 155 119 183 209 25 84 12 50 71 188 11 150 149 7 36 189 111 6 81 120 66 32 154 59 18 195 133 39 140 1 93 86 27 2 97 108 13 91 207 112 128 38 169 9 43 105 159 56 101 51 16 33 102 83 42 52 5 115 
135 48 90 167 98 34 169 120 71 112 92 198 68 148 187 56 73 206 97 37 3 172 170 184 147 64 134 130 142 171 76 49 124 82 138 85 195 22 199 67 70 189 38 150 208 164 188 179 23 163 123 62 192 144 114 104 194 207 197 162 55 177 173 81 50 186 158 201 91 116 39 61 109 181 166 118 88 32 143 47 153 95 140 6 191 15 122 190 59 205 154 19 60 196 133 77 13 202 28 84 43 145 36 31 113 87 44 18 83 108 121 149 86 203 78 102 152 204 96 105 101 51 75 211 40 89 54 5 182 74 14 17 10 8 93 185 155 157 41 30 119 27 25 2 128 139 0 115 135 
136 7 34 117 72 38 127 197 13 90 65 163 120 78 105 4 158 170 206 202 157 10 212 57 194 146 152 42 87 121 15 179 77 100 17 186 92 184 200 153 39 21 190 130 108 68 210 183 138 166 187 201 94 156 19 195 28 167 67 41 103 32 211 181 70 81 93 123 74 150 83 1 89 116 140 169 191 192 60 97 111 168 149 102 44 112 9 73 84 46 154 66 37 64 182 118 209 128 20 113 155 109 14 62 124 159 101 133 80 106 98 160 3 147 119 27 82 104 30 6 40 115 145 99 52 189 8 135 0 164 26 76 173 23 5 125 207 85 2 16 161 199 88 18 148 172 171 139 188 177 25 96 95 61 22 
137 55 37 162 171 60 68 167 103 158 98 82 27 87 73 57 121 197 6 177 202 72 97 188 21 212 210 161 140 118 71 157 77 92 183 206 26 24 46 156 172 166 142 179 8 41 201 7 38 139 54 152 154 194 13 200 4 115 12 10 135 5 123 14 36 113 124 151 108 155 117 138 104 122 11 205 52 31 61 186 67 88 133 66 90 185 95 64 191 143 70 25 126 65 78 53 102 63 2 76 101 62 211 40 209 100 144 20 169 160 105 109 112 39 150 22 19 28 120 134 181 114 148 15 153 189 182 147 49 50 127 195 199 192 207 34 145 190 106 33 198 83 84 23 1 75 3 91 119 170 0 86 17 116 
142 211 13 189 71 192 32 184 38 172 187 76 179 43 39 16 147 85 8 103 200 194 142 40 23 63 31 26 25 73 185 113 204 62 111 98 1 170 183 151 89 138 157 181 67 164 134 69 58 84 176 60 91 109 6 0 78 130 140 177 107 160 52 55 139 30 88 207 126 208 66 108 11 42 15 47 105 196 120 199 37 154 117 169 152 68 202 132 195 153 144 146 14 83 86 82 112 205 190 96 158 34 27 29 141 22 124 197 50 24 145 102 101 72 174 19 46 70 127 41 165 150 10 198 186 18 35 57 104 162 100 156 49 143 166 125 168 21 133 7 28 33 90 182 118 180 128 193 12 210 
