0 108 67 36 3 137 160 136 163 167 92 11 76 64 79 179 65 139 9 12 63 211 178 17 19 135 176 45 2 13 18 60 84 7 127 110 212 129 134 125 131 10 5 
1 178 
2 158 204 
3 58 
4 178 
5 58 
6 204 
7 58 
8 97 
9 38 
10 176 
11 179 11 10 132 160 3 92 122 191 184 19 84 17 212 108 125 64 9 67 13 5 1 185 167 45 137 65 63 76 18 135 211 61 110 178 33 2 79 136 60 36 127 
12 58 
13 45 29 193 136 141 35 175 176 131 174 132 107 69 180 129 
14 58 
15 173 199 
16 58 
17 58 
18 178 
19 38 59 
20 58 
21 58 
22 58 
23 178 
24 129 122 48 59 185 127 186 188 98 107 135 72 118 131 167 165 110 97 132 125 169 136 
25 58 
26 18 117 65 77 210 67 61 143 152 12 148 11 66 118 189 9 3 59 178 
27 58 
28 17 66 3 64 143 189 178 73 210 77 10 11 18 13 65 61 152 59 9 
29 38 148 
30 45 58 129 141 110 137 35 69 132 79 175 131 178 165 180 107 
31 178 
32 118 
33 180 137 132 110 58 136 165 178 193 79 45 176 175 174 129 107 
34 10 63 18 67 178 11 9 61 17 12 66 
35 58 
36 178 
37 137 180 141 178 29 107 136 129 131 175 45 79 165 132 174 
38 29 193 45 180 174 165 131 132 110 137 141 175 79 35 136 
39 59 
40 58 
41 97 
42 136 179 191 176 1 2 167 128 139 163 132 212 125 153 36 184 76 129 84 53 127 131 79 137 19 33 134 60 135 185 211 160 
43 3 73 118 117 210 148 189 178 
44 118 59 
45 67 64 12 13 18 189 148 17 11 143 118 10 73 9 77 152 3 178 63 
46 51 37 71 148 122 110 188 136 166 137 111 157 93 196 189 206 164 2 72 108 135 191 92 98 3 59 79 118 167 
47 66 189 18 9 10 73 61 63 77 118 152 3 143 17 148 59 13 12 11 
48 31 81 189 198 201 80 151 190 182 162 133 94 185 97 82 75 192 59 32 180 130 48 107 176 121 72 68 
49 69 45 110 178 175 79 137 193 176 131 174 29 35 141 107 
50 32 201 192 180 82 182 188 133 121 178 80 198 96 176 59 140 75 125 97 62 189 99 191 31 81 107 58 94 130 
51 59 61 9 17 117 189 63 65 148 210 13 178 118 18 67 10 66 73 143 
52 58 
53 58 
54 58 
55 122 3 164 64 9 71 45 93 12 37 117 188 178 118 59 36 135 92 166 2 66 11 110 108 165 163 131 137 18 136 196 77 13 189 157 61 79 210 167 206 90 191 17 
56 59 
57 58 
58 58 
59 38 148 
60 209 110 80 39 185 36 34 191 19 81 124 118 144 178 40 155 149 189 150 3 208 148 165 127 114 72 91 135 59 79 75 176 
61 56 136 126 90 128 108 125 197 58 167 138 5 139 92 141 163 45 81 122 131 80 191 89 178 176 112 165 198 79 196 71 36 51 134 137 94 
62 38 148 
63 203 
64 73 77 59 210 178 152 189 118 
65 118 59 38 
66 81 36 176 102 94 198 122 97 79 110 167 165 189 136 92 131 32 3 2 83 45 137 178 62 191 28 48 
67 58 
68 38 148 
69 58 
70 58 
71 58 
72 59 38 
73 80 32 165 122 94 137 136 131 167 185 110 36 72 83 99 178 198 92 3 81 102 59 96 191 62 176 2 
74 176 48 92 79 83 99 62 136 165 80 110 36 2 72 178 45 198 96 188 167 97 131 122 185 137 81 191 
75 58 
76 193 136 110 175 35 137 107 69 180 178 45 165 79 176 132 
77 118 63 66 18 12 77 61 143 13 148 11 73 59 117 10 64 152 189 67 
78 58 
79 58 
80 58 
81 204 
82 58 
83 188 36 122 93 59 136 37 206 148 196 189 210 166 111 165 164 79 90 157 108 110 118 2 92 98 55 72 163 178 
84 178 118 148 73 152 64 210 77 10 59 3 67 66 61 12 17 63 65 11 
85 58 
86 79 36 132 110 131 122 125 135 165 127 163 191 178 
87 207 137 168 48 69 185 107 163 135 132 127 45 122 2 125 194 136 189 129 110 124 142 79 108 
88 58 
89 94 
90 58 
91 148 118 178 72 161 80 123 110 59 189 81 150 191 91 
92 59 118 
93 58 
94 58 
95 110 136 193 129 45 165 141 175 132 69 79 35 29 107 131 
96 58 
97 58 
98 81 110 131 3 122 72 99 165 92 102 167 48 188 62 135 191 59 198 32 45 176 185 80 94 28 137 2 
99 2 75 14 167 77 19 108 50 27 25 144 45 9 191 136 92 100 101 122 104 163 116 42 13 12 135 88 177 109 181 183 156 103 149 178 194 142 124 195 176 137 54 95 115 139 120 6 132 10 30 21 131 22 81 17 43 170 210 47 5 80 110 20 23 11 127 52 154 79 118 185 
100 69 137 58 45 129 180 35 178 193 174 175 107 132 136 79 165 
101 58 
102 80 59 92 106 180 45 108 128 186 110 135 46 2 129 105 191 36 123 131 163 137 39 113 168 194 72 127 81 167 136 
103 58 
104 125 135 3 167 5 2 136 81 127 123 60 212 211 194 131 153 80 176 45 15 139 137 36 163 178 160 19 53 76 84 7 128 191 24 79 92 1 129 
105 94 
106 176 48 144 178 44 26 85 119 3 86 145 147 16 57 59 80 19 41 148 70 78 97 167 87 137 72 200 191 172 50 171 47 131 146 187 202 0 163 110 8 36 
107 198 
108 74 
109 118 
110 211 76 17 125 18 92 137 60 163 131 64 123 13 49 127 10 3 212 84 160 1 110 12 59 167 67 33 66 176 53 65 9 61 11 48 
111 93 167 111 90 45 135 98 108 59 72 178 189 165 122 118 71 196 191 206 55 92 137 188 163 3 157 51 210 164 
112 64 66 11 18 12 61 63 143 67 65 
113 161 
114 59 
115 117 
116 45 175 79 35 137 180 131 29 174 136 69 165 141 110 178 
117 131 45 29 176 110 165 137 129 79 180 175 174 193 141 178 
118 35 131 193 176 165 110 141 129 174 107 132 29 69 180 45 
119 117 
120 178 
121 148 
122 161 204 
123 165 178 174 132 35 69 29 45 180 131 107 136 79 129 137 
124 174 176 193 132 180 69 175 35 45 131 110 137 129 178 107 
125 161 204 
126 59 205 
127 148 11 76 19 84 17 61 5 9 48 212 123 12 66 53 63 65 3 211 72 97 110 10 49 179 176 60 13 163 178 131 160 125 33 67 
128 210 59 118 
129 198 
130 69 174 110 129 58 107 165 79 180 45 175 136 131 193 132 59 35 
131 137 131 45 178 107 79 204 175 174 176 141 180 136 110 35 132 69 
132 59 148 
133 148 
134 129 110 180 175 174 178 137 136 176 165 131 132 141 29 69 
135 69 176 178 137 136 193 174 45 35 180 107 129 29 141 79 
136 29 174 131 35 178 110 58 132 79 165 107 193 176 137 141 59 204 
137 131 79 110 35 132 165 193 174 107 204 29 175 69 176 59 45 129 
138 58 117 
139 58 117 
140 148 
141 161 204 
142 178 59 110 123 79 163 136 81 4 45 92 131 135 80 159 
