0 509 
1 815 208 737 682 473 292 653 621 754 457 376 205 738 305 622 256 319 283 285 630 658 714 500 602 553 545 650 487 227 267 474 199 619 289 355 642 488 768 347 557 232 472 751 268 252 463 623 334 475 506 253 
2 458 541 436 621 619 346 698 214 473 762 709 650 205 594 705 531 336 622 553 309 206 234 243 787 215 623 253 537 790 624 793 572 208 792 803 625 
3 677 591 582 490 585 271 371 461 586 658 182 583 657 470 581 678 
4 698 
5 667 
6 234 509 282 472 725 743 594 474 462 748 595 602 619 419 637 793 
7 815 
8 682 658 553 796 234 285 725 403 253 738 801 750 474 500 619 235 
9 621 489 650 506 790 658 788 279 725 424 622 766 664 558 553 509 602 474 284 698 267 665 815 463 234 210 630 697 285 208 487 331 619 253 
10 725 781 718 801 
11 482 667 331 304 324 346 751 284 334 509 737 253 705 429 624 684 199 621 471 752 658 815 279 405 208 507 768 738 234 423 766 722 258 578 642 202 424 553 656 801 409 754 725 798 566 463 565 796 622 650 481 554 475 709 477 487 750 478 285 619 259 489 
12 509 327 750 276 321 211 458 474 790 466 815 442 766 636 703 215 333 214 296 696 725 675 213 754 486 429 302 426 236 234 
13 253 517 405 211 522 509 799 210 689 234 658 475 601 766 462 378 790 518 699 684 641 576 603 474 559 473 246 723 311 748 750 573 208 815 711 801 268 725 570 417 321 733 652 244 404 344 306 734 285 708 554 696 787 286 667 327 703 264 337 
14 667 603 703 405 321 766 573 299 725 559 474 253 268 790 291 733 285 711 787 750 552 286 306 641 509 723 210 658 801 234 688 212 619 327 570 462 576 602 208 748 404 799 815 200 
15 253 750 682 509 725 
16 687 424 637 282 714 725 227 748 419 334 234 429 564 765 473 738 708 423 283 750 340 619 552 754 321 815 745 297 768 788 690 767 679 285 
17 750 
18 725 
19 285 283 286 754 411 709 284 423 634 462 623 621 208 324 607 210 234 725 253 766 787 463 602 815 424 
20 283 619 725 285 521 275 199 788 282 578 474 684 472 256 437 790 766 796 417 787 291 558 331 462 630 560 602 267 815 253 305 654 208 284 559 234 
21 474 766 208 304 411 768 815 286 558 509 736 256 636 619 284 623 276 787 475 424 709 637 786 726 283 634 315 687 754 723 798 645 559 697 238 463 521 346 500 320 326 458 552 696 257 758 750 621 314 324 282 714 
22 664 766 269 648 257 684 694 621 231 645 519 329 283 509 462 619 327 285 512 622 435 752 553 411 331 475 506 424 503 815 284 318 282 333 463 624 558 522 559 787 208 602 444 521 
23 441 708 653 752 208 725 607 815 210 602 253 500 462 285 738 234 623 570 619 788 424 553 766 558 636 754 750 748 552 796 
24 750 405 265 790 517 276 334 628 652 246 500 468 647 470 698 722 793 377 216 734 467 258 703 202 446 380 518 360 801 208 658 646 442 474 521 429 626 253 696 684 711 463 815 723 575 403 630 509 650 358 424 701 311 462 796 259 802 212 623 624 285 279 269 738 264 619 
25 566 665 509 815 426 634 202 706 474 646 405 253 565 793 751 553 473 215 790 658 602 507 342 276 199 360 603 801 698 462 723 213 623 334 285 796 754 327 738 725 521 368 442 621 458 269 258 619 750 684 234 624 467 358 675 232 314 247 622 377 
26 788 428 282 359 424 474 
27 462 345 234 660 344 473 750 253 
28 750 378 788 
29 603 724 506 289 210 750 282 285 622 624 232 711 788 554 553 279 684 651 790 767 696 474 489 698 725 253 619 208 558 509 801 201 564 679 697 296 227 292 235 766 234 737 733 782 463 816 341 521 421 507 487 749 500 333 799 738 621 756 405 244 286 642 283 515 284 334 658 682 
30 658 
31 509 424 268 405 199 208 751 378 790 487 734 725 684 763 723 552 642 267 327 748 253 630 658 210 709 745 750 572 752 334 286 462 331 578 650 521 619 690 200 801 522 234 815 766 559 285 428 
32 286 462 330 285 799 417 403 744 521 790 321 658 650 725 208 572 576 522 200 316 509 787 754 378 766 667 558 405 815 234 327 684 253 801 630 734 
33 815 473 335 282 304 800 315 424 458 318 720 208 740 319 235 787 570 754 419 213 690 214 558 347 378 767 782 790 560 480 679 708 256 742 766 748 680 295 210 717 687 340 503 227 660 632 688 257 725 462 509 714 814 283 414 327 328 292 750 559 641 763 724 285 432 601 321 253 
34 253 
35 253 602 474 340 566 698 333 697 506 257 559 619 521 630 286 640 788 500 487 505 462 305 624 657 658 662 815 554 326 623 738 684 403 279 553 507 290 793 787 210 273 285 725 284 621 560 463 424 790 573 766 533 686 509 325 256 411 
36 619 782 463 208 602 766 600 331 622 489 234 725 405 667 696 740 715 754 748 560 783 753 756 462 253 787 268 660 424 411 763 500 440 378 277 558 680 506 329 707 705 738 559 815 282 285 723 578 346 737 320 630 
37 748 463 636 234 560 715 720 424 405 474 411 329 684 558 705 667 763 578 269 378 706 755 559 597 462 815 506 390 723 277 331 754 630 622 621 284 489 696 660 253 738 708 787 619 740 753 766 680 320 600 500 282 285 756 521 
38 725 684 474 509 285 423 208 658 318 815 790 801 708 424 650 234 619 
39 667 
40 474 292 766 285 738 696 283 
41 766 754 285 688 782 250 334 787 521 428 324 634 738 815 558 248 659 405 424 474 706 684 660 564 314 463 602 607 
42 690 334 474 331 405 754 285 463 815 766 521 602 424 
43 766 219 815 522 474 249 645 285 625 489 331 314 602 405 564 248 423 334 686 787 660 690 424 659 759 
44 558 428 489 331 699 522 754 766 602 250 334 248 424 755 405 660 782 418 815 324 285 688 684 690 634 458 521 
45 449 463 474 684 787 768 285 424 602 521 754 558 766 
46 449 766 815 463 564 424 787 489 405 474 684 285 
47 283 738 558 715 521 469 474 282 331 684 457 699 347 560 709 782 557 756 602 324 463 660 285 489 367 567 
48 572 292 762 624 619 750 725 253 472 208 648 607 564 234 411 441 754 758 463 738 462 602 320 424 210 636 634 621 803 474 
49 458 803 472 503 504 462 243 
50 334 754 637 722 619 750 564 442 292 738 299 708 474 815 766 660 234 227 344 748 
51 424 253 474 234 
52 511 
53 517 282 283 211 766 285 696 566 442 553 565 655 815 474 259 
54 234 253 754 684 602 474 790 725 210 801 750 208 558 424 619 521 
55 725 234 474 621 297 285 521 619 289 801 283 279 282 754 782 559 602 284 558 564 796 462 441 208 210 553 425 737 292 766 460 790 733 630 622 424 426 578 787 684 750 227 
56 424 725 282 428 553 284 243 435 214 718 213 474 751 251 750 215 500 283 285 602 754 619 738 
57 725 424 284 282 521 324 441 634 750 815 621 243 754 474 602 619 766 210 558 
58 815 621 725 803 521 622 474 766 796 411 737 284 463 487 558 619 283 285 602 
59 474 291 411 754 521 462 684 726 289 509 244 815 621 619 208 602 553 750 558 424 210 463 234 285 
60 289 278 733 558 554 658 474 234 622 621 619 815 285 424 787 334 417 411 521 664 208 
61 214 457 
62 253 419 815 234 472 637 509 282 748 474 619 462 595 743 708 285 
63 752 570 559 253 405 200 208 489 554 567 342 725 327 711 423 379 650 474 285 467 378 648 268 768 475 457 709 723 509 292 266 619 751 737 720 462 766 801 790 403 210 424 521 331 815 428 330 343 297 234 745 267 286 642 787 334 
64 658 
65 658 650 602 
66 199 566 602 
67 650 463 602 517 499 655 425 416 675 216 509 283 351 802 252 769 660 722 682 403 674 461 756 696 788 652 201 442 798 701 656 714 421 670 738 665 715 402 566 282 314 294 619 470 565 553 469 658 424 697 500 729 466 276 322 705 647 725 268 698 608 603 467 258 426 507 346 708 801 751 386 259 700 707 750 247 683 637 790 243 
68 683 736 521 670 738 682 687 292 558 285 405 442 553 277 603 449 750 790 424 541 564 655 684 326 754 415 232 799 284 276 697 234 624 430 477 279 208 483 767 474 705 708 253 602 416 459 643 716 324 734 482 321 715 551 637 472 428 243 619 425 732 463 507 630 470 545 798 426 418 346 674 314 700 791 342 704 515 718 231 489 435 562 698 469 327 634 751 658 737 475 664 421 402 788 227 720 283 333 210 722 419 652 
69 682 409 449 276 469 698 722 231 642 506 474 416 652 509 658 472 292 314 564 327 602 675 579 321 767 428 791 376 232 643 279 696 253 277 291 435 430 600 267 798 507 342 419 541 227 750 815 285 283 284 725 470 457 205 442 748 679 346 243 558 720 463 790 708 334 766 553 478 521 737 421 333 704 751 234 754 738 551 405 650 630 418 
70 210 798 487 652 745 648 234 428 790 708 619 570 642 444 267 787 475 418 334 750 552 310 576 314 630 559 650 297 378 737 474 602 720 723 572 754 286 429 748 321 414 344 667 424 597 578 756 331 208 725 268 554 658 766 509 752 768 345 792 335 199 
71 658 799 667 798 385 324 674 767 788 736 751 509 267 342 263 622 205 748 467 334 284 796 507 426 465 282 708 521 768 733 642 489 322 487 466 279 463 289 211 665 405 750 278 430 551 752 457 643 629 421 801 437 227 696 553 424 602 792 578 682 652 327 474 319 500 756 718 790 634 506 650 769 231 232 559 715 269 425 435 604 738 244 720 734 664 277 636 737 320 415 815 475 687 235 782 621 464 698 754 258 283 766 619 
72 751 815 572 798 619 310 754 509 405 552 684 268 418 474 234 342 321 285 725 578 690 200 462 723 630 768 559 489 471 199 790 650 554 429 331 667 708 801 428 487 253 766 752 750 286 267 210 570 423 792 475 521 709 597 748 
73 428 423 558 458 489 424 782 521 405 418 324 634 522 331 625 564 285 787 815 754 766 684 474 
74 253 815 560 687 602 800 423 299 690 462 285 292 767 282 277 241 234 521 788 660 765 637 552 750 419 745 210 340 474 473 679 558 564 570 503 766 782 748 284 754 
75 234 441 766 509 257 253 305 417 462 597 642 278 787 466 619 630 474 768 292 558 238 330 751 788 725 256 517 267 790 227 331 471 792 283 199 559 740 282 785 798 285 786 327 602 578 472 
76 559 754 758 645 634 463 558 314 315 623 800 750 768 257 709 304 632 521 637 509 283 330 619 286 210 751 457 708 285 474 256 687 303 815 500 636 424 697 347 763 714 736 798 766 560 238 253 475 208 
77 474 787 289 815 782 602 621 564 284 553 578 234 208 619 750 424 415 766 405 622 684 283 725 253 462 310 282 790 558 428 285 210 457 709 
78 285 211 462 517 208 269 658 624 463 619 205 234 553 411 474 787 623 815 622 424 521 291 602 621 
79 720 642 286 602 684 725 424 565 208 234 554 667 696 697 250 449 521 603 733 341 507 277 630 247 244 284 619 340 679 750 292 302 650 285 698 463 796 624 320 334 405 403 500 366 738 202 232 756 558 622 799 578 296 233 333 430 816 788 282 231 782 242 579 253 235 279 766 798 289 682 790 236 506 509 489 736 475 
80 554 432 795 208 817 474 790 782 462 282 256 684 475 257 725 682 573 787 649 560 767 766 263 283 231 815 339 619 559 253 667 232 234 278 660 594 803 284 285 800 750 726 754 625 210 
81 750 339 795 475 210 554 667 803 474 208 682 521 417 790 278 378 767 787 227 602 232 257 560 424 198 660 256 725 815 253 619 679 763 432 573 625 327 766 654 684 231 263 559 284 286 285 
82 791 554 253 684 597 423 418 518 378 708 304 572 768 803 602 600 314 817 578 267 696 680 709 462 286 751 208 306 331 268 522 690 720 658 424 210 815 737 799 754 509 334 763 310 405 766 576 471 756 594 342 262 250 748 705 723 200 198 234 466 573 521 570 630 428 199 650 790 787 750 642 339 517 740 745 798 474 648 
83 619 607 815 570 558 234 283 763 284 754 765 750 210 282 521 564 690 745 474 285 660 253 725 424 
84 558 766 521 619 474 282 708 559 283 815 725 745 210 754 253 424 234 750 284 552 318 560 285 
85 327 509 505 768 227 474 413 283 766 753 199 733 767 648 296 817 312 569 414 329 213 285 630 412 790 208 322 424 339 462 431 578 267 253 751 238 815 814 214 792 421 291 345 603 725 788 715 215 256 258 791 344 305 642 278 723 284 619 595 
86 234 327 332 291 792 267 768 723 253 642 817 791 431 472 563 214 257 305 767 462 414 227 281 284 474 329 815 437 505 597 466 643 569 262 814 215 293 594 296 679 344 684 733 788 509 330 619 725 345 322 648 419 278 282 578 603 412 753 208 602 595 645 557 572 715 790 256 
87 733 462 630 619 684 679 788 413 281 345 412 308 253 642 432 508 282 284 267 285 753 602 424 521 283 595 817 256 768 725 766 392 509 208 327 331 790 578 
88 238 283 637 785 636 327 500 474 324 284 768 285 815 726 697 463 714 253 210 256 709 758 766 475 509 457 754 634 623 424 619 208 558 521 522 750 257 751 
89 458 234 750 208 253 624 707 705 
90 275 767 737 257 796 725 782 788 277 291 289 227 521 340 238 284 754 283 415 457 282 750 205 424 801 292 650 603 199 463 602 285 751 428 267 437 642 474 815 733 578 472 558 
91 267 411 801 578 559 553 256 603 750 472 310 650 754 424 257 815 602 428 277 289 282 558 521 463 619 725 522 284 285 
92 594 463 208 560 648 473 602 788 790 725 667 212 754 750 726 378 253 471 753 462 210 559 257 436 234 623 658 751 369 411 622 553 766 284 333 787 256 817 509 521 474 339 815 283 285 619 709 654 697 
93 489 690 766 475 684 248 331 334 787 738 521 285 558 249 564 815 405 754 782 250 634 791 
94 441 282 424 814 437 275 214 751 642 684 800 521 654 766 558 414 787 213 603 648 260 256 655 327 815 215 234 630 472 796 792 291 790 208 602 253 419 284 240 462 283 517 788 199 725 305 786 278 518 474 
95 283 457 509 623 475 766 474 787 320 624 424 284 558 292 619 708 552 472 745 521 458 208 253 630 698 622 282 418 463 417 
96 790 725 403 268 285 619 253 791 788 714 218 632 424 622 637 621 738 199 282 751 553 284 283 324 658 754 
97 403 457 698 319 619 472 595 324 708 205 743 684 725 755 621 199 314 790 792 815 342 751 285 292 336 750 282 474 
98 342 800 366 367 457 324 277 630 283 788 801 199 634 752 767 227 411 303 285 745 750 282 257 766 437 210 751 336 559 558 619 424 754 603 256 711 337 340 346 578 243 291 472 645 439 782 267 642 275 650 428 758 284 733 238 796 725 790 521 292 
99 457 522 630 758 411 424 472 227 788 754 737 752 285 634 650 745 275 619 790 801 310 199 750 367 256 766 725 636 267 474 463 602 437 210 289 559 621 521 282 578 782 292 800 324 
100 605 575 424 507 725 473 442 705 208 698 637 738 234 474 708 750 292 624 243 472 682 
101 234 
102 759 787 379 448 417 253 737 752 418 197 210 285 766 725 724 424 462 686 619 594 708 684 748 489 405 320 316 334 554 208 801 754 602 578 408 509 339 314 630 445 650 817 412 590 603 308 667 570 458 475 556 
103 675 199 
104 521 284 766 411 474 750 726 708 210 522 815 687 283 424 558 787 253 621 619 463 285 208 286 696 
105 425 345 324 578 214 815 603 325 309 213 475 619 789 682 463 755 210 787 410 285 602 553 411 472 817 436 462 623 215 684 299 621 424 474 509 205 750 790 342 344 595 754 521 596 208 
106 159 
107 474 
108 644 664 505 68 808 156 51 781 277 168 463 509 14 0 754 285 602 107 810 8 65 777 122 66 188 56 521 372 137 284 49 149 109 59 48 64 474 193 47 609 772 58 114 72 282 804 120 92 90 771 524 424 50 4 154 595 10 662 775 663 778 809 180 69 770 158 756 112 611 732 155 610 167 774 99 594 161 7 157 54 13 776 696 103 162 498 
109 285 8 602 120 759 27 424 594 509 474 610 356 156 69 68 154 10 270 475 72 609 463 
110 474 768 506 509 463 594 602 475 709 285 487 754 698 687 792 595 817 613 737 660 
111 76 
112 509 462 475 766 474 660 558 424 787 282 286 602 
113 283 738 424 474 285 602 
114 738 474 
115 474 
116 738 763 8 474 463 
117 462 463 602 595 817 474 594 475 
118 11 
119 509 
120 698 
121 185 
122 754 323 
123 100 602 78 594 8 474 118 0 754 10 333 11 73 17 462 79 176 182 99 120 6 126 664 7 
124 594 793 338 6 521 808 474 462 602 424 97 
125 793 
126 754 602 285 521 793 721 462 474 338 
127 176 58 107 89 73 112 111 48 130 189 10 602 79 11 99 91 188 126 684 138 177 474 56 21 8 118 0 131 109 14 51 135 182 7 54 6 
128 474 
129 188 276 189 56 
130 633 782 340 711 576 475 729 603 330 759 802 560 395 738 401 267 815 400 783 632 748 816 636 682 514 713 347 441 766 438 687 474 719 637 650 488 424 365 286 319 784 521 278 552 506 602 509 751 728 704 175 394 
131 751 578 521 607 356 708 474 278 782 331 286 509 522 602 766 748 650 630 423 
132 715 347 602 346 738 632 815 521 286 474 796 682 503 782 475 
133 267 748 602 603 474 783 796 642 738 708 409 2 424 763 319 492 687 507 815 650 
134 417 
135 602 
136 509 650 738 
137 650 509 
138 24 10 28 609 100 587 58 6 31 583 52 107 5 23 109 491 79 581 490 529 56 34 174 424 80 684 114 126 124 584 137 602 586 41 92 53 7 78 29 194 14 35 77 74 334 474 27 54 51 90 
139 334 8 11 
140 27 
141 183 68 
142 54 424 11 
143 74 372 31 61 754 35 124 10 34 381 7 14 407 474 131 6 29 172 424 125 33 185 77 130 24 
144 128 705 684 424 474 
145 474 23 27 31 1 74 29 34 383 41 35 
146 610 76 159 474 
147 7 24 383 130 35 131 429 48 54 58 90 790 1 41 23 188 114 474 491 382 74 381 189 59 112 
148 110 474 424 11 345 40 684 
149 89 91 182 8 136 78 80 58 137 474 99 135 130 51 112 143 14 526 73 179 114 109 79 17 100 
150 268 474 
151 14 668 388 126 681 138 59 186 79 434 754 54 99 48 130 50 176 407 107 584 58 582 88 602 333 0 78 524 587 585 10 474 588 285 
152 684 584 790 1 
153 97 93 383 566 159 
154 474 815 509 650 611 540 
155 159 
156 401 164 456 50 419 802 69 67 30 330 729 175 375 52 370 631 166 452 734 424 495 23 712 172 283 445 504 353 599 127 329 650 792 530 154 790 536 176 395 75 738 40 93 711 598 136 56 804 618 498 517 91 638 791 10 35 51 121 348 594 595 722 427 173 76 459 192 503 449 72 68 17 83 159 285 628 125 107 509 354 188 82 54 21 718 29 542 106 135 345 511 22 355 104 160 529 8 193 163 494 732 809 314 645 364 143 545 481 277 9 506 735 808 380 66 518 311 477 612 749 123 608 171 112 737 627 41 797 71 174 1 186 18 643 815 515 74 317 362 165 332 451 321 284 28 577 282 524 119 102 81 144 747 64 269 44 397 611 752 728 602 521 36 138 322 180 70 352 541 157 500 24 474 42 374 20 485 11 37 313 0 484 73 61 128 126 647 603 13 535 114 490 455 429 276 79 179 566 565 185 31 80 105 14 727 399 465 89 101 731 2 537 15 491 756 807 730 750 47 748 92 78 319 98 3 513 110 817 610 38 754 469 454 77 39 90 806 805 145 398 502 394 453 811 33 497 400 26 609 94 49 156 396 476 630 363 19 543 538 540 65 12 5 539 448 27 510 393 371 318 131 134 721 
157 462 345 
158 602 110 
159 463 
160 68 21 11 
161 1 
162 75 81 91 40 383 545 11 58 474 
163 11 73 
164 118 80 175 581 589 41 583 11 660 584 138 82 658 588 586 587 
165 725 
166 249 
167 97 95 750 74 725 107 474 34 249 35 248 602 
168 0 249 90 10 109 58 59 60 8 149 108 107 23 606 188 11 808 125 115 248 14 602 221 54 811 51 168 189 137 135 805 547 461 809 27 806 
169 156 23 72 11 27 68 725 69 249 8 
170 369 321 705 334 342 600 208 376 234 474 463 652 424 750 254 754 564 457 725 602 
171 76 
172 725 250 424 234 210 62 248 
173 718 738 234 
174 558 424 664 745 602 815 660 754 748 423 234 570 208 751 320 475 
175 565 
176 13 
177 684 36 599 234 175 41 248 190 76 179 474 250 160 249 14 
178 8 685 526 112 113 134 90 56 0 10 58 61 151 135 107 248 221 119 220 224 51 109 750 115 54 73 59 150 11 137 60 82 351 250 172 
179 199 
180 474 0 
181 250 
182 150 
183 618 78 37 15 107 583 40 375 159 54 461 585 749 73 143 35 725 604 58 56 294 22 1 575 3 581 584 127 586 587 23 75 125 384 323 24 807 47 676 589 566 59 172 83 109 26 292 171 592 211 38 434 31 220 51 114 580 588 812 33 62 19 113 248 124 805 185 674 675 553 93 60 526 806 810 128 582 307 74 619 221 10 151 14 25 416 678 361 76 202 555 104 115 564 811 11 550 82 17 212 809 48 112 176 
184 85 46 137 172 618 62 615 159 108 15 727 10 60 372 90 
185 175 462 658 
186 11 
187 584 44 462 234 
188 650 35 33 249 34 
189 474 
190 76 
191 11 
192 624 11 658 23 684 88 248 525 250 234 553 474 249 619 500 27 602 622 
193 635 
194 684 660 6 126 650 80 669 708 33 617 10 35 174 383 524 602 668 0 509 817 53 130 766 658 11 78 172 41 389 805 46 384 5 34 146 52 31 381 101 23 22 474 8 7 27 100 36 79 194 131 24 77 612 73 
195 107 474 609 189 136 56 91 135 109 176 79 678 0 182 89 59 78 137 92 188 529 54 610 100 602 669 33 80 524 10 14 
196 658 
197 8 
198 137 451 74 288 24 18 28 114 121 192 119 41 112 452 547 22 489 130 14 595 436 32 54 90 104 389 180 494 10 719 502 501 27 0 797 793 168 73 29 286 58 103 521 684 77 8 31 529 35 59 65 30 120 118 51 462 509 45 475 496 493 5 21 48 131 761 135 179 686 23 138 188 36 20 109 495 71 383 167 91 176 52 136 405 56 817 92 1 474 66 450 101 
199 664 
200 474 594 650 595 
201 594 
202 509 594 650 474 756 602 
203 509 
204 11 
205 130 11 
206 763 
207 282 
208 279 
209 97 583 109 172 589 188 107 500 90 584 59 588 
210 97 
211 462 
212 709 474 34 602 285 
213 752 474 
214 564 
215 34 35 1 
216 89 137 90 73 188 99 82 548 8 146 429 176 135 95 136 144 524 91 145 107 109 54 51 189 0 80 
217 738 
218 159 41 210 151 
219 210 
220 171 
221 750 
222 619 
223 758 
224 253 521 248 
225 766 234 619 1 424 250 594 621 208 248 790 602 
226 249 176 62 248 619 250 78 221 
227 729 602 17 28 469 670 516 27 78 575 250 702 807 245 470 77 466 701 769 696 0 10 603 15 756 252 287 728 502 236 467 23 
228 602 
229 15 236 127 253 1 
230 234 250 249 
231 234 
232 3 249 252 575 248 553 0 602 623 211 234 259 783 675 815 210 253 621 750 467 565 208 258 722 
233 11 
234 808 249 88 22 524 73 0 619 248 221 177 10 253 195 602 517 8 526 790 33 462 151 111 208 157 176 250 78 750 
235 143 35 249 101 212 611 362 96 0 145 264 125 144 33 810 41 175 74 14 10 100 124 78 728 173 19 806 27 23 729 95 248 77 31 553 271 29 811 751 250 171 725 211 383 
236 253 11 
237 589 584 602 693 8 
238 76 
239 213 11 474 215 250 553 
240 110 23 1 188 54 107 424 580 189 58 801 584 135 131 90 588 27 48 130 589 59 583 
241 189 248 27 48 650 250 610 28 622 680 553 619 23 621 609 623 658 10 
242 465 
243 474 
244 11 
245 210 
246 248 
247 619 
248 78 34 248 31 41 35 
249 815 278 268 277 564 558 533 738 282 654 475 284 621 634 474 790 241 424 411 256 754 785 648 622 750 366 405 786 286 257 210 463 720 619 553 725 715 801 559 636 
250 684 424 474 282 283 564 
251 381 7 383 59 812 811 58 109 107 54 
252 811 766 6 582 51 384 58 157 56 185 90 114 47 1 149 93 707 8 424 48 673 675 59 23 10 41 123 189 142 804 684 591 54 91 64 36 755 92 137 38 68 108 107 111 3 656 77 112 756 78 810 61 177 588 696 14 547 159 371 188 135 372 808 580 33 143 584 609 672 586 
253 14 48 8 11 153 33 602 582 474 609 610 22 10 424 111 73 
254 150 15 250 249 547 622 189 8 474 248 621 575 60 253 10 11 
255 253 
256 620 91 462 120 619 253 
257 78 234 
258 80 553 156 85 35 211 119 407 69 749 602 33 282 725 24 14 17 794 618 126 11 72 817 447 766 383 288 474 30 76 86 250 424 471 15 47 84 212 55 78 74 518 19 248 537 375 406 34 517 8 28 6 77 176 604 415 488 7 29 31 609 70 756 207 779 154 87 564 414 227 525 381 71 416 622 499 722 79 159 619 64 20 620 249 
259 234 
260 474 250 285 248 234 15 619 
261 285 248 553 250 474 499 
262 248 
263 248 
264 617 406 159 10 249 
265 285 107 234 56 609 474 524 59 664 179 48 14 54 
266 99 463 14 474 602 664 285 
267 249 115 464 35 1 60 151 179 10 655 212 658 83 3 192 529 524 78 211 28 124 811 62 24 812 239 52 804 74 29 14 81 568 75 474 34 807 
268 660 
269 553 462 801 619 249 521 624 250 208 253 474 234 424 790 750 248 
270 371 119 10 120 208 248 619 253 182 812 750 15 249 84 383 811 271 381 0 
271 619 621 558 424 411 250 787 623 248 750 767 253 234 249 553 766 521 790 256 474 
272 249 
273 250 474 790 248 684 603 55 698 
274 41 750 253 250 35 34 553 31 249 424 
275 210 208 60 234 288 151 229 115 124 463 599 171 78 621 817 220 622 110 624 434 0 125 228 462 521 285 88 424 524 609 99 672 71 553 176 
276 815 
277 434 383 151 115 142 143 101 0 60 524 62 130 177 381 
278 99 684 526 62 424 71 27 248 131 230 474 10 249 234 76 750 171 176 23 657 67 229 228 159 151 78 69 14 
279 249 790 474 248 684 424 234 208 
280 684 234 276 509 249 250 462 602 232 208 790 417 231 664 787 690 474 210 248 619 424 755 521 285 
281 458 704 249 
282 230 259 552 324 746 740 619 304 345 291 260 642 790 704 252 632 561 468 650 418 347 685 725 698 728 733 336 229 691 469 656 715 636 297 284 283 521 327 647 214 750 815 462 265 234 424 238 741 671 429 679 768 426 282 646 474 578 300 758 637 231 684 472 344 603 243 305 337 465 748 232 386 634 268 213 228 782 633 278 788 682 442 509 227 247 261 38 285 253 693 475 173 210 697 801 211 674 571 764 708 533 516 553 510 254 200 133 258 215 199 
283 698 509 
284 584 
285 521 558 665 262 801 798 424 405 276 302 573 619 720 253 71 656 697 526 766 236 288 793 701 474 202 684 799 260 
286 474 59 58 684 663 509 234 815 90 253 91 
287 660 
288 602 474 424 234 684 253 311 650 
289 391 
290 698 69 164 707 68 72 
291 424 589 23 660 531 285 684 27 
292 248 81 249 23 250 78 619 25 128 462 475 286 210 253 688 750 285 234 766 474 521 558 
293 474 602 234 424 698 
294 725 285 249 690 474 570 462 552 745 428 698 782 253 521 815 619 602 766 558 248 768 424 
295 751 725 758 
296 619 
297 333 524 283 234 474 285 714 284 282 
298 426 74 
299 249 344 250 619 725 285 292 
300 41 285 100 24 323 74 10 33 202 424 1 234 28 463 248 14 249 11 29 31 282 34 474 250 
301 619 714 253 633 248 
302 474 
303 11 480 407 478 13 
304 11 249 
305 750 249 682 474 619 463 250 424 
306 619 253 
307 475 619 250 750 249 754 463 424 232 
308 250 750 249 474 
309 73 
310 725 15 249 250 
311 725 234 474 619 253 292 250 249 285 424 
312 276 698 509 
313 41 
314 11 228 230 249 151 229 252 756 
315 249 250 619 594 248 253 234 
316 10 59 48 383 114 58 7 602 285 424 107 62 56 529 50 221 131 176 33 79 151 171 0 
317 589 553 253 78 797 27 474 285 250 248 34 129 284 74 725 23 138 424 35 
318 4 
319 509 619 815 234 
320 11 750 594 509 619 248 680 
321 73 125 124 47 
322 11 
323 463 8 619 815 250 249 208 285 750 248 
324 738 
325 250 248 249 234 
326 566 575 565 11 675 547 
327 128 114 186 48 29 207 75 61 22 40 225 151 78 135 185 31 25 82 115 80 34 60 41 23 222 113 3 221 8 461 59 74 73 89 107 137 92 189 83 0 188 56 47 24 474 38 90 51 33 37 28 160 58 81 220 526 109 574 434 
328 8 602 11 416 249 
329 250 108 618 619 11 285 434 0 53 249 725 
330 54 292 
331 357 
332 416 250 11 1 236 248 474 15 
333 249 282 292 285 234 250 738 
334 76 
335 474 285 619 120 41 650 121 35 118 34 
336 285 424 650 474 234 
337 738 
338 705 
339 81 224 283 285 74 128 67 29 47 154 40 424 3 602 124 24 83 120 176 1 127 754 31 0 234 68 11 69 125 693 675 474 221 10 71 20 
340 283 474 424 594 234 524 208 285 284 35 282 462 
341 487 738 541 334 506 423 474 472 208 521 698 215 376 210 602 750 545 509 214 507 499 285 815 234 
342 558 507 748 249 619 791 334 424 474 698 327 248 234 621 521 815 602 285 718 506 
343 738 750 619 234 815 250 248 594 509 
344 249 425 250 49 559 78 
345 27 35 14 34 77 23 55 31 
346 176 282 285 250 8 249 248 4 738 284 10 31 474 1 298 127 34 35 
347 11 
348 602 624 762 8 725 249 250 803 248 499 342 253 202 798 463 815 619 
349 210 
350 248 474 54 86 99 584 253 234 107 684 249 609 
351 41 815 249 253 248 766 250 619 
352 624 91 477 296 684 59 90 478 474 54 72 250 253 23 68 84 58 480 248 805 811 47 476 92 623 107 64 812 11 806 48 62 
353 474 10 27 772 28 609 34 29 77 624 24 31 625 35 778 11 801 74 169 775 8 776 15 684 188 773 150 151 189 
354 474 815 725 249 
355 23 406 10 27 285 151 248 602 407 249 
356 91 
357 23 12 19 623 127 609 388 434 15 234 644 362 656 131 474 611 624 756 36 222 807 806 212 208 14 220 511 76 78 110 461 115 143 622 526 553 813 47 221 0 99 60 10 3 805 621 253 248 804 652 130 282 250 
358 253 
359 253 
360 47 115 809 434 384 51 383 62 381 804 157 107 150 221 60 375 58 808 222 73 436 442 151 812 113 109 159 220 526 59 114 82 
361 619 725 91 110 
362 11 15 664 509 
363 809 125 91 137 58 811 808 123 109 135 812 718 107 112 56 51 90 189 
364 24 529 14 35 41 31 18 23 34 29 812 424 28 10 811 
365 179 611 738 665 41 125 793 787 696 474 602 582 11 131 130 123 
366 490 658 500 424 698 
367 748 509 205 752 284 554 521 711 285 751 286 474 267 532 310 282 475 636 278 331 489 602 283 330 725 765 531 619 578 318 815 347 
368 99 673 115 14 221 62 125 54 52 137 150 48 113 51 136 107 0 474 151 188 135 89 171 90 92 41 1 672 189 10 58 
369 40 37 249 
370 234 167 91 136 
371 524 250 107 56 189 188 10 58 48 59 54 135 90 
372 194 498 191 524 58 53 646 130 188 51 114 107 113 60 150 174 221 160 177 56 384 90 381 112 189 383 382 526 99 151 100 115 
373 110 
374 790 
375 130 36 28 1 22 53 202 476 47 73 40 150 3 125 115 172 31 575 474 617 0 611 805 27 480 25 131 5 129 171 484 26 387 185 11 684 248 124 729 82 477 249 33 119 83 60 478 128 234 253 81 142 62 192 35 502 75 143 10 110 250 80 
376 509 
377 62 609 221 383 
378 208 253 234 622 624 621 
379 234 658 622 660 11 474 424 250 8 64 509 248 684 602 815 208 69 
380 718 334 684 131 424 250 815 130 621 619 248 208 474 
381 253 
382 253 621 624 623 
383 10 78 27 125 250 208 621 249 424 0 14 474 3 234 602 124 29 253 624 159 31 76 143 516 28 23 619 622 
384 33 11 6 234 0 584 250 511 7 14 609 101 248 10 582 138 78 157 118 160 808 664 73 143 581 131 518 810 176 23 106 5 28 130 790 624 384 100 142 177 27 372 17 424 588 249 474 208 602 621 46 
385 11 
386 728 382 236 729 130 87 86 
387 40 324 154 580 771 745 77 322 774 298 11 24 683 1 674 574 250 127 85 64 234 108 480 589 246 587 668 46 30 809 801 707 25 583 22 665 630 190 603 810 484 172 182 670 104 8 698 148 778 248 230 381 75 715 3 255 110 586 296 779 684 130 70 202 383 362 31 84 722 12 756 111 7 201 697 772 27 612 229 701 6 673 247 15 581 69 259 702 129 78 578 83 424 17 781 236 517 760 28 149 617 773 477 625 478 138 82 635 382 620 685 181 780 143 323 38 0 614 518 179 604 777 806 582 23 584 669 253 302 36 74 813 634 126 244 812 228 775 26 672 619 815 703 728 93 86 199 79 405 585 258 249 176 34 814 287 268 252 805 133 366 776 591 588 5 404 790 37 
388 285 234 284 684 
389 8 581 5 285 138 584 11 157 474 588 593 586 524 99 424 126 529 179 160 14 334 79 
390 511 107 524 14 137 176 160 91 529 6 11 7 33 582 71 407 101 126 54 103 177 48 114 5 131 175 592 182 498 112 120 664 89 92 79 189 586 56 186 90 111 8 164 0 80 581 51 100 587 73 474 585 136 78 58 135 53 138 
391 582 602 6 810 808 684 586 474 276 
392 298 
393 708 
394 695 
395 35 526 24 12 581 285 176 589 74 580 53 424 129 323 31 10 127 157 171 29 0 524 126 62 611 584 808 34 14 174 80 
396 76 
397 131 221 60 77 333 185 416 62 130 524 684 334 
398 130 547 790 434 524 584 138 424 586 69 208 334 131 426 425 333 574 129 523 599 110 581 619 99 
399 684 619 234 467 325 790 208 622 359 650 
400 282 248 250 177 285 553 283 655 684 416 415 249 442 624 754 
401 684 
402 282 
403 602 305 28 472 284 312 227 297 751 33 249 250 285 291 462 594 572 619 253 424 
404 725 
405 655 566 284 249 283 234 424 248 250 619 
406 729 33 339 594 424 32 420 71 815 604 431 575 539 138 675 170 100 725 249 196 250 412 11 527 285 65 446 595 3 155 284 234 602 619 27 132 312 120 86 16 23 201 78 85 616 171 253 28 817 127 292 569 73 10 
407 250 815 248 249 253 725 766 234 
408 602 250 248 282 292 619 815 725 424 234 249 
409 751 199 
410 751 292 199 
411 236 725 15 210 
412 801 
413 11 
414 11 47 646 249 99 15 383 78 434 
415 34 83 416 35 179 31 
416 180 
417 27 77 708 28 78 
418 424 250 754 249 489 33 474 69 253 67 126 37 650 405 285 71 619 128 684 172 475 68 
419 27 210 
420 17 465 8 82 47 248 773 11 175 73 334 801 
421 74 47 253 210 141 16 73 83 64 40 228 33 35 14 88 81 6 23 684 517 71 120 29 11 68 234 602 575 108 665 594 142 18 528 249 10 518 121 285 25 78 149 17 128 67 750 196 462 143 756 424 250 77 176 295 69 248 172 139 229 8 547 15 154 31 474 32 140 
422 684 62 725 249 88 285 250 790 234 462 
423 378 15 553 533 249 248 424 521 602 787 436 71 750 210 463 208 250 725 474 462 
424 602 533 234 725 15 253 208 3 249 787 248 684 424 474 378 449 250 8 553 462 521 
425 787 750 533 378 248 463 602 725 210 449 285 249 650 253 474 208 684 424 462 
426 650 249 
427 253 62 59 434 114 151 221 115 234 56 82 109 73 107 60 58 
428 208 253 
429 185 128 1 25 234 23 253 27 75 120 115 8 150 208 151 77 81 63 461 37 553 474 
430 174 199 474 285 78 424 34 801 553 253 208 586 194 684 95 234 138 100 
431 250 
432 138 199 82 136 91 185 129 110 
433 149 750 111 151 234 10 176 35 25 186 665 28 22 80 406 229 684 37 248 790 769 249 24 582 547 230 78 592 26 655 701 83 586 119 8 128 74 27 225 75 285 126 20 150 221 459 71 781 474 62 17 77 250 407 434 171 30 581 29 383 36 14 79 34 108 425 81 287 615 23 21 779 6 40 703 381 575 73 604 5 15 588 
434 68 151 37 6 15 665 31 14 584 75 10 587 8 581 582 73 684 150 754 74 23 130 249 424 128 253 407 29 62 186 0 578 588 118 580 171 406 619 461 234 60 28 34 221 526 111 33 83 176 81 586 285 655 126 725 119 750 25 17 69 79 
435 11 
436 588 443 407 109 10 199 77 125 19 24 56 618 18 442 234 224 28 619 51 220 17 621 216 292 353 405 181 456 190 176 64 133 137 110 666 282 724 73 134 108 143 461 604 253 22 25 409 62 622 80 104 536 112 577 526 623 582 179 651 751 615 274 3 361 602 34 48 23 31 14 749 142 581 339 271 171 584 535 37 159 586 453 92 725 580 222 754 89 63 362 182 307 154 76 583 136 459 539 177 221 375 68 551 208 756 529 225 69 349 135 587 90 434 54 74 558 91 591 160 59 657 150 156 433 11 537 172 58 128 70 123 186 15 575 752 589 61 106 565 351 454 531 624 750 415 412 474 189 416 41 1 35 592 294 81 614 555 185 75 127 289 29 157 311 67 40 432 283 195 107 115 27 78 119 625 82 352 113 55 296 272 
437 621 434 234 62 154 575 624 253 8 382 
438 41 
439 547 584 
440 188 109 172 151 90 107 381 23 58 28 27 59 143 142 135 
441 88 285 345 
442 199 
443 801 790 474 171 589 684 208 110 619 584 424 553 253 60 344 586 588 115 150 77 
444 350 
445 350 
446 603 
447 500 
448 76 159 119 
449 58 474 498 99 610 109 56 80 137 79 90 176 114 126 189 609 113 135 48 92 
450 11 
451 511 584 526 547 149 108 15 93 84 159 524 86 781 62 115 375 
452 249 704 
453 578 637 648 766 621 622 411 782 602 253 331 759 738 619 787 423 630 208 462 474 509 268 234 684 
454 182 621 624 622 815 276 730 509 253 234 663 371 474 370 619 
455 650 509 602 684 253 208 474 
456 790 624 176 581 582 210 384 23 750 372 474 208 621 684 78 619 602 234 202 253 801 
457 610 10 11 509 609 27 474 424 23 602 684 658 
458 176 99 0 134 812 159 138 157 115 110 131 62 143 810 808 811 809 47 100 221 15 76 142 
459 41 
460 15 249 124 35 38 54 618 28 807 128 127 58 47 14 74 176 722 0 665 112 474 171 59 25 323 808 125 76 435 727 804 123 806 56 107 109 10 48 811 40 22 1 24 8 248 31 250 518 812 3 324 113 77 212 29 809 82 23 805 26 19 517 73 37 749 159 
461 622 424 249 619 62 72 621 474 250 602 154 521 
462 54 248 521 475 48 424 474 250 11 
463 189 429 160 250 97 53 101 74 424 51 24 15 249 107 192 31 599 135 750 237 35 58 176 8 52 29 14 11 54 174 80 137 434 10 27 34 57 517 33 109 144 114 7 185 188 194 113 95 23 73 94 127 56 248 498 41 
464 234 56 118 511 48 208 189 434 58 249 54 92 664 23 17 135 7 188 22 100 137 498 248 610 624 136 598 90 621 107 176 114 27 11 73 0 521 91 51 14 602 59 622 424 
465 10 27 23 41 
466 91 
467 11 234 62 
468 249 
469 234 1 15 250 249 253 344 
470 179 77 249 248 
471 91 
472 250 11 249 602 8 176 
473 234 11 248 250 
474 11 
475 619 
476 125 
477 382 383 52 809 811 808 804 192 182 
478 601 321 
479 208 232 253 234 622 790 474 
480 383 56 371 524 114 317 77 91 126 548 107 79 59 498 381 370 92 80 55 424 175 54 112 807 90 182 194 51 7 78 137 53 27 474 120 285 160 6 109 174 
481 474 317 40 279 
482 474 409 59 90 
483 524 
484 314 
485 11 
486 424 684 711 474 333 177 
487 159 47 526 804 461 177 15 811 130 384 76 323 809 146 191 131 100 672 673 
488 131 693 48 91 137 54 160 474 92 90 754 810 69 59 804 8 76 109 128 68 40 271 14 182 11 461 58 37 118 684 6 7 72 159 47 524 475 738 130 114 
489 100 656 529 185 0 
490 159 323 176 8 134 179 26 434 6 19 182 177 808 76 47 384 811 40 810 15 105 436 82 0 809 73 157 
491 150 157 474 10 76 60 159 
492 667 
493 97 
494 738 
495 199 
496 725 
497 27 
498 76 
499 810 107 189 14 78 284 62 236 114 250 137 29 809 31 808 159 56 41 1 34 609 58 135 372 59 150 74 109 35 24 90 811 60 202 10 
500 250 
501 250 249 815 208 619 248 750 426 623 527 424 
502 618 756 424 14 283 467 517 696 11 0 296 212 250 788 15 466 322 282 749 284 
503 788 521 463 9 208 248 750 621 474 282 623 787 424 283 210 558 284 250 249 
504 424 250 475 697 355 210 208 411 619 285 506 256 249 534 507 474 650 297 284 521 748 621 286 299 463 698 737 660 
505 249 750 
506 62 463 738 243 323 474 
507 250 
508 424 112 54 48 58 31 41 249 10 211 1 136 34 35 474 91 56 210 74 212 426 29 90 114 27 171 107 287 425 150 189 
509 292 
510 474 
511 660 
512 650 28 27 
513 27 41 250 
514 15 815 90 729 137 248 73 26 249 157 276 381 780 
515 136 3 248 76 474 80 0 285 78 126 553 272 249 159 10 91 79 33 725 
516 250 474 248 553 529 41 249 
517 80 185 82 
518 250 
519 284 718 652 463 738 489 424 657 725 208 475 253 553 506 521 790 282 684 333 285 
520 684 424 558 754 474 333 791 751 234 285 709 750 320 475 210 521 253 801 405 720 
521 548 234 665 602 297 737 474 424 285 521 210 199 366 725 409 558 684 208 324 801 253 
522 684 424 682 801 249 474 725 283 750 553 416 292 698 334 250 475 253 415 650 738 509 282 
523 333 286 
524 286 282 231 558 232 664 462 474 687 509 708 521 284 285 416 726 787 463 682 
525 787 
526 338 325 799 605 793 253 411 602 436 736 416 463 256 474 594 798 725 650 553 309 
527 750 594 
528 232 327 234 602 788 205 557 790 787 305 9 208 642 253 684 275 474 424 256 751 284 227 558 521 330 509 282 654 768 417 199 653 578 
529 650 411 
530 71 0 126 144 99 174 540 149 459 387 513 719 24 333 17 756 458 729 489 717 332 344 389 10 786 128 707 1 541 524 388 455 722 603 698 190 451 69 29 68 39 461 708 20 536 518 755 334 330 73 6 529 731 535 714 30 470 34 429 138 598 74 78 454 173 98 445 77 3 276 102 646 547 38 509 655 797 81 67 94 709 446 557 813 566 684 577 41 80 517 95 674 53 14 194 133 531 329 806 805 147 804 732 83 594 457 718 449 130 22 75 23 452 110 311 70 469 11 687 108 282 146 423 177 127 179 647 390 31 15 176 414 36 424 185 730 710 52 131 40 544 21 323 33 450 181 100 96 754 47 148 12 680 
531 111 587 22 524 663 8 23 582 28 684 11 589 37 99 5 669 100 147 77 591 664 548 14 333 754 36 459 517 35 29 25 34 74 75 78 474 581 81 33 0 128 584 79 668 10 146 31 24 735 21 
532 120 603 27 38 332 1 131 756 722 190 11 10 797 69 813 450 452 566 577 602 429 607 75 805 541 138 729 754 127 545 29 20 470 806 455 74 445 518 154 40 514 718 531 456 36 0 77 759 449 344 181 81 179 509 732 53 730 28 477 80 8 14 47 173 78 25 39 33 31 12 513 529 73 55 731 453 421 650 79 414 128 130 728 24 457 549 95 536 535 147 67 276 34 557 684 608 175 21 474 3 35 30 717 311 282 469 119 454 
533 684 11 474 78 10 76 138 678 
534 333 351 684 474 
535 751 
536 462 171 425 
537 234 
538 146 54 143 137 109 56 188 142 524 107 97 189 100 58 145 73 59 144 172 82 11 
539 253 
540 8 474 684 250 234 750 110 11 253 249 
541 790 788 754 474 250 411 208 234 249 750 751 
542 99 248 750 179 526 434 171 249 684 529 10 78 221 424 
543 249 725 88 159 76 253 248 
544 253 
545 581 583 580 584 589 586 
546 249 72 69 99 14 208 130 462 86 602 285 101 131 192 12 110 11 85 143 475 474 0 97 463 118 177 10 134 
547 248 1 345 285 602 462 463 474 553 344 11 250 234 208 121 249 
548 129 60 179 524 99 474 220 465 11 62 131 526 115 97 249 23 333 88 171 14 224 0 110 143 211 248 553 10 517 78 27 212 
549 250 249 462 285 
550 88 156 78 461 69 208 120 14 100 529 143 424 248 67 47 11 32 62 527 657 663 129 474 73 186 171 177 110 115 71 604 138 249 647 234 462 302 602 250 221 
551 462 
552 250 248 474 249 
553 462 650 129 
554 250 
555 725 130 602 808 449 248 285 434 250 345 
556 91 
557 324 462 403 558 619 234 284 623 787 199 267 367 553 210 783 765 487 621 762 282 622 297 801 283 474 579 766 684 634 285 725 636 707 366 697 385 208 405 790 
558 110 
559 34 210 157 29 801 434 177 35 60 62 
560 24 15 31 253 772 88 11 151 474 778 8 10 
561 424 
562 11 0 
563 294 474 
564 812 24 582 114 35 137 589 0 58 323 81 72 34 128 580 10 76 78 176 189 40 602 179 581 529 474 130 83 82 14 3 47 91 37 119 372 586 555 136 27 74 1 524 31 159 11 28 48 384 59 588 90 668 68 54 808 107 414 186 811 591 19 89 131 585 804 138 160 
565 129 130 248 131 529 54 434 250 575 535 234 
566 619 
567 10 
568 110 580 583 588 589 582 586 581 136 594 12 
569 11 
570 131 31 35 34 130 25 128 
571 621 622 709 
572 402 518 118 37 19 74 223 62 250 184 208 28 64 11 176 284 474 1 508 623 523 68 621 160 34 26 624 280 602 164 221 7 21 815 282 60 754 619 15 622 589 618 462 81 171 582 384 537 283 725 381 195 31 73 551 24 584 119 126 186 79 38 25 378 204 382 35 27 69 558 586 16 6 120 301 40 80 63 121 424 71 47 151 225 414 77 413 248 297 0 526 604 521 527 249 675 722 253 78 553 17 575 33 29 20 674 67 383 23 57 420 82 411 209 8 524 323 150 353 791 782 499 65 285 539 528 83 158 156 32 226 412 22 
573 41 684 474 250 248 
574 92 17 114 811 112 51 58 749 434 27 157 225 416 722 40 189 608 74 176 550 14 24 8 372 79 78 188 90 3 56 135 113 384 47 34 31 212 370 89 211 159 414 553 23 60 808 652 804 150 62 115 461 435 126 109 83 442 575 323 80 809 171 665 29 375 128 137 526 675 222 202 25 107 812 810 1 249 33 15 754 19 151 769 
575 128 484 477 490 130 33 491 650 480 127 474 478 78 476 
576 650 
577 650 
578 558 736 282 521 756 733 285 754 463 333 283 367 474 650 
579 738 
580 268 650 
581 26 766 564 475 558 284 449 282 737 521 463 278 285 602 
582 602 521 815 791 285 377 475 650 463 595 594 541 283 284 282 766 
583 524 73 135 62 11 750 188 58 137 56 113 107 52 82 99 599 526 189 15 114 101 60 109 51 112 192 
584 465 
585 463 
586 250 
587 250 
588 248 738 507 
589 285 248 15 213 602 276 738 442 619 215 214 284 250 750 424 
590 248 
591 119 88 17 154 65 81 806 250 808 791 82 375 812 811 10 517 446 249 71 187 38 195 176 804 5 518 23 67 72 203 31 73 442 33 7 156 22 125 76 34 297 11 248 810 27 32 528 41 165 116 599 24 289 26 35 782 68 121 83 3 340 15 341 521 280 21 282 19 164 120 124 0 155 123 178 575 551 8 159 284 196 285 283 55 725 69 424 619 602 128 64 127 
592 285 619 
593 738 249 424 718 285 602 11 250 276 282 722 333 
594 725 248 282 249 88 285 750 738 
595 738 
596 292 227 790 289 553 282 594 788 424 621 344 815 
597 725 801 
598 621 442 525 
599 352 536 540 75 33 611 553 449 766 1 25 619 621 285 790 199 
600 179 619 424 792 815 336 788 620 380 547 429 799 28 456 0 790 38 26 594 791 205 470 27 454 285 725 282 337 23 138 307 40 3 553 382 148 300 603 199 453 457 469 630 472 415 
601 152 25 725 790 366 54 641 602 176 23 210 405 27 622 48 285 167 81 14 153 28 424 619 8 55 801 267 525 474 
602 11 
603 773 
604 249 
605 458 
606 52 71 498 189 80 135 137 8 584 610 33 474 54 11 29 10 41 602 3 114 192 74 180 14 31 182 112 51 35 586 171 90 188 77 383 78 53 381 58 34 193 582 511 588 27 
607 41 230 228 250 480 790 477 476 258 478 
608 801 51 56 756 248 109 8 160 524 6 15 474 250 23 11 757 383 59 85 28 84 107 249 0 27 86 78 381 
609 409 801 249 
610 324 210 5 602 23 248 250 474 619 815 424 249 
611 801 
612 18 221 6 615 65 121 49 185 51 630 88 151 74 478 24 66 54 20 77 34 112 485 114 635 737 41 480 35 27 308 23 58 168 449 59 109 30 481 595 594 115 373 31 62 222 474 119 267 424 
613 594 
614 594 
615 801 
616 110 
617 583 581 285 585 580 582 588 589 
618 575 250 249 
619 250 249 
620 125 
621 248 
622 474 339 250 475 463 622 249 766 248 817 72 754 
623 249 344 619 725 284 250 442 248 282 764 0 575 646 292 285 474 307 202 19 
624 99 54 51 56 109 23 59 143 526 3 114 221 172 323 602 474 17 112 176 0 14 151 58 62 129 113 250 10 248 78 249 11 
625 589 248 249 110 584 
626 586 159 285 581 588 249 172 264 74 584 47 10 11 474 78 14 
627 23 628 81 176 592 33 127 25 27 35 250 171 3 128 41 19 584 28 34 36 74 1 38 40 248 29 26 31 284 587 75 627 
628 0 619 480 285 725 478 591 282 344 250 249 110 
629 285 250 602 619 41 11 248 803 282 291 249 283 
630 249 
631 815 15 
632 584 524 250 95 248 157 
633 11 76 23 33 73 27 
634 575 236 121 71 248 20 
635 525 622 11 621 
636 60 212 62 115 10 249 250 415 276 524 24 78 568 474 669 248 211 615 221 117 34 253 618 29 416 35 157 
637 76 
638 725 
639 11 
640 76 
641 236 302 442 234 276 
642 11 221 323 60 526 159 
643 220 34 228 250 249 248 31 35 23 28 47 41 229 463 77 74 11 127 
644 27 41 23 14 
645 248 622 383 434 60 73 150 250 623 
646 38 582 176 208 253 382 81 623 584 109 35 159 69 68 82 151 25 434 114 624 383 461 580 589 581 381 19 60 565 40 171 21 37 72 0 73 725 474 26 24 609 115 62 75 47 29 113 51 234 588 77 120 27 1 220 70 221 54 622 375 64 164 621 526 71 67 128 591 587 74 83 58 
647 24 172 10 54 474 27 213 34 74 107 48 814 81 31 23 35 383 25 83 109 
648 10 
649 28 
650 553 801 765 750 315 279 751 725 803 205 292 199 62 314 253 472 234 
651 120 
652 292 624 622 
653 725 253 
654 461 51 80 185 90 94 57 189 56 15 375 99 730 97 92 49 95 172 17 519 524 520 434 114 221 222 135 220 112 60 47 134 73 53 100 58 193 109 52 180 113 82 101 145 224 602 89 188 174 150 137 61 194 
655 284 553 292 471 521 622 472 506 283 815 766 424 205 788 289 327 416 650 684 463 474 285 415 558 603 619 256 798 
656 462 521 285 624 621 253 474 708 234 815 231 418 208 423 623 509 424 817 706 
657 385 
658 409 
659 698 815 249 248 
660 248 658 698 249 
661 698 705 709 411 243 622 355 623 292 208 624 234 
662 112 51 35 109 194 96 776 146 619 774 59 79 174 189 78 135 55 54 58 80 29 56 24 74 31 3 23 474 137 615 91 778 770 771 28 27 92 775 239 48 107 529 212 53 498 773 34 
663 594 462 606 234 613 463 308 253 521 285 317 8 595 817 277 
664 58 56 29 40 109 37 186 176 461 69 126 47 462 21 51 88 174 77 207 194 621 27 151 333 195 82 79 49 99 107 622 285 474 253 220 23 70 24 517 154 59 28 624 668 524 113 619 60 31 171 526 48 120 53 74 25 225 348 80 518 465 150 375 35 434 68 208 594 234 168 623 
665 124 565 474 462 416 60 76 208 434 157 159 115 526 150 253 284 78 62 125 
666 462 
667 127 145 77 110 405 26 25 130 37 644 81 1 29 41 75 128 28 33 23 144 176 99 73 6 382 424 27 74 611 78 143 24 83 0 619 95 801 
668 619 790 268 41 474 127 660 424 23 801 77 684 27 
669 517 23 775 99 778 582 31 382 588 682 3 118 28 38 74 518 1 36 619 126 620 53 77 76 781 591 232 159 33 194 770 78 47 79 207 287 57 30 586 96 34 772 464 144 777 19 773 474 234 176 55 424 145 236 609 35 27 584 253 80 779 119 
670 619 
671 658 
672 36 142 182 383 143 134 553 24 41 29 35 31 100 55 34 524 28 93 
673 351 
674 619 
675 474 684 412 253 
676 619 
677 619 253 594 234 
678 253 210 684 199 424 803 619 474 801 285 
679 619 
680 801 660 253 234 
681 801 
682 619 
683 234 619 405 594 
684 619 
685 619 
686 698 159 
687 779 461 0 150 619 207 115 185 151 
688 107 584 59 90 159 808 
689 588 587 581 586 
690 271 547 110 99 
691 107 27 59 
692 202 
693 253 188 129 189 
694 111 36 582 159 652 433 474 619 82 234 610 47 585 434 781 3 78 219 609 100 811 33 253 591 375 115 810 146 529 220 383 225 60 424 526 23 587 588 553 73 407 22 191 812 581 176 624 171 62 208 804 99 461 76 19 0 
695 4 
696 276 
697 208 815 619 622 594 78 253 621 
698 509 625 474 54 234 424 199 253 48 78 622 171 619 
699 500 
700 708 
701 80 70 71 253 
702 811 41 23 524 812 77 34 31 
703 698 
704 684 474 14 
705 138 602 10 
706 11 372 511 524 0 131 93 101 130 143 73 
707 47 812 123 566 147 61 145 809 131 144 810 185 125 656 159 
708 5 249 754 750 151 524 499 8 76 463 738 
709 738 
710 805 101 174 53 57 381 194 599 276 124 192 806 142 47 524 80 362 11 125 813 
711 49 
712 296 48 78 10 176 14 77 
713 78 27 
714 76 
715 602 
716 461 56 292 0 815 435 188 707 285 109 283 282 471 76 189 623 202 474 284 624 526 372 
717 738 248 250 249 234 
718 619 
719 602 250 234 619 344 
720 725 250 619 750 
721 221 99 151 524 647 131 62 100 130 
722 787 602 558 257 282 725 473 463 785 621 623 521 815 560 256 559 756 411 208 285 234 796 619 437 
723 725 248 415 234 602 565 249 76 621 123 15 208 416 434 159 619 521 
724 1 10 250 192 3 248 124 111 725 751 384 619 138 29 78 529 24 34 100 211 35 41 185 98 31 249 234 611 
725 790 248 686 750 208 67 517 8 5 210 11 619 
726 383 524 17 100 80 177 164 131 53 57 99 120 46 11 71 130 
727 208 
728 285 250 462 754 658 249 424 602 725 8 650 13 680 474 619 708 334 
729 74 474 90 14 41 54 0 602 109 383 31 3 48 110 34 100 136 192 684 610 135 107 33 23 101 137 424 160 56 463 24 52 58 114 609 186 188 29 77 91 51 
730 463 
731 602 10 373 812 811 7 128 92 188 58 26 804 732 248 109 323 76 78 56 474 126 810 372 673 182 90 808 8 250 176 113 0 3 159 111 51 524 189 11 249 79 809 48 59 672 611 191 114 54 
732 756 311 738 602 
733 302 461 11 62 276 
734 60 234 110 62 
735 248 
736 234 
737 309 475 602 521 594 474 457 234 462 787 595 622 249 650 208 267 248 325 621 285 619 623 411 472 
738 474 623 234 650 250 787 602 309 624 622 344 472 285 595 249 553 208 594 603 436 
739 333 0 78 
740 76 
741 137 97 194 157 810 474 619 41 52 809 811 135 110 174 192 434 95 812 594 189 388 611 0 622 100 553 144 524 808 53 90 348 644 136 
742 474 285 58 249 59 318 602 62 54 248 130 250 107 14 52 159 76 
743 216 305 484 621 752 812 322 15 815 754 476 86 553 481 17 480 1 248 249 474 811 250 565 78 478 159 
744 220 
745 474 624 602 171 138 78 523 285 143 619 259 3 433 521 208 553 622 62 100 462 176 44 234 434 
746 234 
747 253 
748 135 25 92 90 112 21 146 114 28 40 14 136 383 128 10 11 192 20 26 599 381 189 81 22 664 524 382 59 107 188 193 660 1 127 510 53 29 24 474 37 33 41 101 80 144 83 119 176 52 58 31 113 75 73 23 170 650 82 54 74 
749 11 346 176 189 21 78 370 160 317 599 506 524 24 120 738 208 609 100 282 34 663 347 674 59 207 123 81 23 114 414 276 664 40 136 602 56 323 89 174 251 122 41 49 239 76 458 463 531 101 82 53 537 175 12 233 193 91 68 119 250 10 194 669 64 253 815 73 77 48 70 79 283 501 459 0 127 29 125 809 170 54 147 3 57 124 186 808 99 168 98 47 675 249 191 19 756 507 252 371 188 631 515 248 521 83 735 146 185 25 372 37 333 71 109 500 1 237 74 284 180 159 43 20 611 812 546 157 27 113 52 72 804 135 457 807 30 38 764 13 319 564 80 234 810 805 231 811 763 126 332 549 202 235 216 813 36 
750 248 285 11 250 249 
751 135 74 23 10 664 35 658 48 179 253 28 474 619 609 725 11 77 611 91 650 150 54 188 189 
752 581 120 72 151 619 11 157 134 99 73 189 248 585 234 221 175 434 582 188 526 588 0 90 524 474 138 76 10 137 587 250 586 249 91 60 664 135 592 725 
753 253 
754 234 
755 114 6 188 58 136 107 47 59 17 130 137 56 54 53 8 146 174 194 135 82 109 51 474 7 91 112 498 100 0 73 80 526 602 99 
756 11 
757 334 
758 37 34 25 11 74 23 177 35 78 8 189 73 188 24 684 474 91 10 29 31 48 
759 188 
760 252 
761 76 
762 633 
763 253 
764 250 77 253 
765 90 684 10 351 91 61 138 58 59 189 524 708 135 185 188 54 7 609 424 97 136 610 474 
766 29 5 28 126 74 27 36 664 524 11 351 179 8 14 138 684 34 10 110 474 159 24 
767 107 48 131 91 79 59 524 77 136 126 474 58 684 609 56 14 
768 603 
769 221 222 86 461 434 
770 29 14 79 31 105 27 126 111 35 23 667 3 24 10 127 34 610 658 1 
771 53 809 120 154 118 810 10 611 509 126 176 21 31 159 609 351 145 64 524 72 323 736 57 541 475 811 735 3 463 511 804 602 76 350 174 144 23 96 95 47 344 727 194 283 1 28 662 282 34 276 119 739 738 29 33 421 52 14 808 157 514 74 17 22 812 565 80 474 73 19 35 339 24 36 610 68 458 674 332 661 333 606 284 27 714 121 82 718 71 815 18 124 515 285 424 518 805 517 20 
772 601 
773 474 80 159 271 333 130 285 79 76 126 67 754 176 565 384 131 61 10 99 602 157 524 
774 750 
775 384 787 302 157 382 202 381 271 0 207 47 82 73 159 76 434 
776 234 750 253 
777 655 78 585 253 586 777 553 518 127 55 352 692 307 168 361 73 120 10 568 669 134 594 41 535 107 772 34 6 478 663 442 108 100 77 174 114 99 592 179 694 143 91 75 542 470 1 657 195 31 725 208 308 557 5 246 447 93 422 588 84 76 70 228 225 105 224 7 22 101 693 19 665 181 424 123 389 327 47 469 110 211 69 214 36 118 773 651 48 644 583 529 124 79 390 683 426 664 475 521 68 215 587 59 650 62 524 136 598 575 432 476 489 119 606 81 86 234 189 150 213 210 639 182 574 580 159 750 98 191 434 83 35 770 194 221 72 425 481 92 416 113 106 128 64 495 247 151 29 776 30 405 20 38 17 53 61 248 602 109 90 142 37 409 695 15 51 14 133 708 589 496 171 579 464 12 549 272 111 660 498 222 149 591 188 147 333 135 71 759 148 685 230 768 536 85 297 220 264 318 752 479 23 480 311 652 339 407 3 176 584 362 681 67 271 125 18 406 26 415 287 11 21 82 446 735 33 548 192 56 58 477 115 250 126 769 461 74 387 185 566 465 217 
778 553 529 15 11 463 801 474 
